35 1 0.5
41 1 0.0
52 1 0.369565217391304
2 2 0.406191806331471
8 2 0.256281407035176
16 2 0.0266666666666667
24 2 0.357583230579531
25 2 0.459264432029795
26 2 0.104448742746615
32 2 0.5
34 2 0.285714285714286
35 2 0.5
47 2 0.432642487046632
48 2 0.48780487804878
49 2 0.525423728813559
51 2 0.566666666666667
52 2 0.373913043478261
18 3 0.293674704968499
35 3 0.0
35 4 0.5
3 5 0.0230769230769231
7 5 0.440086556667568
8 5 0.304857621440536
10 5 0.101666666666667
12 5 0.333333333333333
13 5 0.44062753583987
19 5 0.8
22 5 0.0766666666666667
27 5 0.275862068965517
30 5 0.333333333333333
31 5 0.205679862306368
35 5 0.0
37 5 1.0
38 5 0.145
40 5 0.442028985507246
41 5 1.0
50 5 0.516666666666667
51 5 0.133333333333333
53 5 0.433333333333333
35 6 0.5
51 6 0.3
16 7 0.113333333333333
35 7 0.0
51 7 0.122222222222222
43 8 0.428666666666667
49 8 0.593220338983051
32 9 0.4375
43 9 0.478
52 9 0.330434782608696
43 10 0.458
35 11 0.5
51 11 0.433333333333333
35 12 0.0
51 12 0.0666666666666667
18 14 0.223875519046389
35 14 0.0
35 15 0.0
51 15 0.244444444444444
35 16 0.5
51 16 0.211111111111111
2 17 0.338454376163873
6 17 0.428278950735765
8 17 0.254606365159129
25 17 0.470670391061453
35 17 0.0
41 17 0.5
44 17 0.302579609972846
51 17 0.155555555555556
32 18 0.15625
43 18 0.460666666666667
49 18 0.627118644067797
52 18 0.234782608695652
32 19 0.3125
52 19 0.252173913043478
35 20 0.0
49 21 0.593220338983051
35 22 0.5
51 22 0.566666666666667
35 23 0.0
51 23 0.355555555555556
52 24 0.252173913043478
8 25 0.500837520938023
16 25 0.0366666666666667
35 25 0.5
51 25 0.0888888888888889
52 26 0.365217391304348
8 27 0.499162479061977
35 27 0.5
35 28 0.5
51 28 0.566666666666667
46 29 0.490621915103652
51 30 0.355555555555556
35 31 0.5
51 31 0.244444444444444
43 32 0.418666666666667
49 32 0.406779661016949
8 33 0.271356783919598
35 34 0.5
1 35 0.0904701397712833
2 35 0.402932960893855
3 35 0.0153846153846154
10 35 0.263333333333333
13 35 0.384095212334325
14 35 0.357902197023388
16 35 0.253333333333333
21 35 0.231166666666667
24 35 0.151664611590629
27 35 0.362068965517241
30 35 0.444444444444444
34 35 0.183673469387755
37 35 0.5
38 35 0.289666666666667
39 35 0.291785027689306
40 35 0.307971014492754
41 35 1.0
44 35 0.358244877807949
47 35 0.323834196891192
48 35 0.390243902439024
50 35 0.4
51 35 0.466666666666667
53 35 0.4
35 36 0.0
35 38 0.5
51 38 0.433333333333333
3 39 0.215384615384615
7 39 0.338923451447119
8 39 0.500837520938023
9 39 0.000430997991241505
10 39 0.408333333333333
12 39 0.333333333333333
13 39 0.42602109818772
16 39 0.0266666666666667
18 39 0.224494480584693
19 39 0.6
21 39 0.360333333333333
22 39 0.0766666666666667
27 39 0.310344827586207
29 39 0.0915
30 39 0.555555555555556
31 39 0.209982788296041
35 39 0.5
36 39 0.227068506222417
37 39 0.5
38 39 0.327
39 39 0.224473985169518
40 39 0.771739130434783
41 39 1.0
50 39 0.483333333333333
51 39 0.566666666666667
53 39 0.5
43 41 0.486666666666667
8 42 0.23785594639866
1 43 0.925540025412961
16 43 0.5
22 43 0.923333333333333
35 43 0.5
40 43 0.771739130434783
41 43 0.0
51 43 0.566666666666667
35 44 0.0
51 44 0.244444444444444
35 45 0.0
51 45 0.2
2 46 0.377094972067039
5 46 0.462249527942959
6 46 0.46257197696737
25 46 0.499068901303538
35 46 0.5
44 46 0.427178474450753
45 46 0.446257071437969
51 46 0.355555555555556
2 47 0.42108938547486
6 47 0.445809341010876
25 47 0.472299813780261
49 47 0.559322033898305
35 48 0.5
51 48 0.222222222222222
35 50 0.5
51 50 0.433333333333333
35 51 0.0
51 51 0.355555555555556
34 52 0.357142857142857
39 53 0.499460970580881
16 54 0.0366666666666667
2 55 0.351489757914339
8 55 0.232830820770519
16 55 0.0283333333333333
24 55 0.106041923551171
25 55 0.453212290502793
34 55 0.173469387755102
35 55 0.5
47 55 0.266839378238342
48 55 0.365853658536585
49 55 0.525423728813559
51 55 0.111111111111111
52 55 0.252173913043478
35 56 0.0
51 56 0.433333333333333
2 57 0.360102420856611
6 57 0.384388995521433
25 57 0.450651769087523
26 57 0.121856866537718
35 57 0.0
51 57 0.1
41 58 0.5
35 59 0.5
1 60 0.0691232528589581
2 60 0.361266294227188
7 60 0.333784149310252
13 60 0.322423586691912
14 60 0.227498228206945
21 60 0.0588333333333333
22 60 0.08
26 60 0.138297872340426
30 60 0.333333333333333
37 60 0.0
38 60 0.192
40 60 0.235507246376812
44 60 0.275796099728462
47 60 0.217616580310881
51 60 0.0888888888888889
43 61 0.435333333333333
49 61 0.525423728813559
35 62 0.5
51 62 0.433333333333333
2 63 0.467178770949721
5 63 0.475044387453147
6 63 0.460652591170825
25 63 0.463454376163873
35 63 0.0
44 63 0.465749197728956
45 63 0.463209728043303
51 63 0.155555555555556
2 64 0.472299813780261
5 64 0.476002592790914
6 64 0.463979526551504
25 64 0.465549348230912
35 64 0.0
44 64 0.466489755615897
45 64 0.464901234799932
51 64 0.166666666666667
43 65 0.460666666666667
49 65 0.474576271186441
35 66 0.0
2 67 0.343109869646183
3 67 0.0307692307692308
5 67 0.4268241129555
6 67 0.388483685220729
7 67 0.352718420340817
8 67 0.217755443886097
9 67 0.000384819635037058
10 67 0.0883333333333333
13 67 0.352447930754666
14 67 0.274273564847626
17 67 0.0744599745870394
19 67 0.4
20 67 0.149773071104387
21 67 0.0586666666666667
22 67 0.08
24 67 0.093711467324291
25 67 0.458100558659218
27 67 0.137931034482759
29 67 0.0915
30 67 0.666666666666667
33 67 0.0743042071197411
34 67 0.183673469387755
35 67 0.0
37 67 0.5
38 67 0.182666666666667
40 67 0.228260869565217
41 67 1.0
42 67 0.0470699358495021
44 67 0.29227351271291
45 67 0.339616967692221
47 67 0.235751295336788
48 67 0.292682926829268
49 67 0.474576271186441
50 67 0.483333333333333
51 67 0.144444444444444
53 67 0.366666666666667
35 70 0.5
51 70 0.344444444444444
16 71 0.123333333333333
35 71 0.0
51 71 0.322222222222222
2 72 0.503258845437616
5 72 0.491136600625652
6 72 0.466922584772873
25 72 0.481378026070764
35 72 0.5
44 72 0.49759318686744
45 72 0.469336741406206
51 72 0.566666666666667
35 74 0.0
1 75 0.0744599745870394
2 75 0.4262104283054
3 75 0.0230769230769231
7 75 0.437111171219908
8 75 0.324958123953099
10 75 0.0966666666666667
12 75 0.333333333333333
13 75 0.560183932918583
14 75 0.302622253720765
15 75 0.0744599745870394
16 75 0.0483333333333333
17 75 0.0744599745870394
19 75 0.6
20 75 0.243066061522945
22 75 0.0766666666666667
24 75 0.212083847102343
25 75 0.480912476722533
27 75 0.224137931034483
29 75 0.12
30 75 0.444444444444444
31 75 0.273666092943201
33 75 0.0743042071197411
34 75 0.23469387755102
35 75 0.0
37 75 0.5
38 75 0.201666666666667
40 75 0.521739130434783
41 75 1.0
47 75 0.33160621761658
48 75 0.341463414634146
50 75 0.516666666666667
51 75 0.322222222222222
53 75 0.3
32 76 0.4375
11 77 0.212996992983628
35 77 0.5
36 77 0.231163770824222
49 78 0.525423728813559
35 79 0.5
51 79 0.433333333333333
4 80 1.0
16 80 0.113333333333333
23 80 0.466333333333333
26 80 0.893617021276596
28 80 0.1124
35 80 0.5
46 80 0.52319842053307
51 80 0.122222222222222
1 81 0.0744599745870394
2 81 0.447858472998138
3 81 0.0307692307692308
4 81 1.0
7 81 0.374898566405193
9 81 0.000469479954745211
10 81 0.085
12 81 0.333333333333333
14 81 0.458540042523033
15 81 0.0744599745870394
16 81 0.0233333333333333
17 81 0.0744599745870394
19 81 0.6
20 81 0.390821986888553
21 81 0.06
22 81 0.0766666666666667
24 81 0.360049321824908
25 81 0.475791433891993
27 81 0.310344827586207
28 81 0.0148
29 81 0.0915
30 81 0.555555555555556
31 81 0.176419965576592
32 81 0.40625
33 81 0.0775836030204962
34 81 0.285714285714286
35 81 0.0
36 81 0.260824619299431
37 81 0.5
38 81 0.192
40 81 0.771739130434783
41 81 1.0
42 81 0.0470436984270665
46 81 0.497532082922014
47 81 0.432642487046632
48 81 0.48780487804878
50 81 0.383333333333333
51 81 0.0888888888888889
53 81 0.3
35 82 0.0
51 82 0.433333333333333
35 83 0.5
35 84 0.5
51 84 0.566666666666667
52 85 0.28695652173913
35 86 0.5
51 86 0.433333333333333
35 87 0.5
51 87 0.433333333333333
35 88 0.0
51 88 0.433333333333333
1 89 0.0744599745870394
3 89 0.0307692307692308
7 89 0.374898566405193
8 89 0.219430485762144
9 89 0.000469479954745211
10 89 0.085
12 89 0.333333333333333
15 89 0.0744599745870394
16 89 0.0233333333333333
17 89 0.0744599745870394
18 89 0.258139754137
19 89 0.6
21 89 0.06
22 89 0.0766666666666667
26 89 0.104448742746615
27 89 0.310344827586207
28 89 0.0148
29 89 0.0915
30 89 0.555555555555556
31 89 0.176419965576592
33 89 0.0775836030204962
35 89 0.0
37 89 0.5
38 89 0.192
39 89 0.258131555970929
40 89 0.771739130434783
41 89 1.0
42 89 0.0470436984270665
50 89 0.383333333333333
51 89 0.0888888888888889
53 89 0.3
1 90 0.0744599745870394
2 90 0.379422718808194
3 90 0.0307692307692308
4 90 1.0
5 90 0.425104979849505
6 90 0.366858605246321
7 90 0.358939680822288
9 90 0.000438694383942246
10 90 0.0783333333333333
11 90 0.252589375208821
12 90 0.333333333333333
13 90 0.354882337030024
14 90 0.223954642097803
15 90 0.0815756035578145
17 90 0.0744599745870394
19 90 0.6
20 90 0.13565305093293
21 90 0.0568333333333333
22 90 0.0766666666666667
24 90 0.0838471023427867
25 90 0.463221601489758
27 90 0.172413793103448
28 90 0.01
29 90 0.0921666666666667
30 90 0.222222222222222
31 90 0.190189328743546
33 90 0.0743042071197411
34 90 0.13265306122449
35 90 0.0
36 90 0.261261977654964
37 90 0.5
38 90 0.186666666666667
39 90 0.261460011395451
40 90 0.228260869565217
41 90 1.0
42 90 0.046322169310087
43 90 0.422
44 90 0.290175265366576
45 90 0.340068036160656
46 90 0.460019743336624
47 90 0.178756476683938
48 90 0.390243902439024
50 90 0.4
51 90 0.0888888888888889
53 90 0.533333333333333
1 91 0.533163913595934
3 91 0.0230769230769231
7 91 0.437381660806059
8 91 0.26465661641541
12 91 0.333333333333333
13 91 0.377332972680552
15 91 0.0744599745870394
17 91 0.0744599745870394
19 91 0.6
22 91 0.0766666666666667
24 91 0.147965474722565
27 91 0.689655172413793
29 91 0.0915
30 91 0.333333333333333
33 91 0.0743042071197411
34 91 0.275510204081633
35 91 0.0
37 91 0.5
38 91 0.292333333333333
40 91 0.471014492753623
41 91 0.0
47 91 0.303108808290155
48 91 0.390243902439024
50 91 0.483333333333333
51 91 0.133333333333333
53 91 0.266666666666667
4 92 0.0
22 92 0.08
23 92 0.377555555555556
26 92 0.138297872340426
40 92 0.235507246376812
51 92 0.1
8 93 0.222780569514238
35 93 0.5
51 93 0.133333333333333
2 94 0.351489757914339
24 94 0.106041923551171
25 94 0.453212290502793
34 94 0.173469387755102
47 94 0.266839378238342
48 94 0.365853658536585
49 94 0.525423728813559
