3 1 0.0380658436213992
6 1 0.857142857142857
9 1 0.896637756920518
11 1 0.5
12 1 0.973404255319149
13 1 0.43956043956044
14 1 0.375
17 1 0.0617283950617284
20 1 0.313333333333333
22 1 0.895622895622896
23 1 0.82089552238806
24 1 0.672
26 1 0.515387771850636
30 1 0.185185185185185
31 1 0.625
33 1 0.560386473429952
34 1 0.267441860465116
35 1 0.951527924130664
41 1 0.5
42 1 0.328703703703704
43 1 0.472222222222222
44 1 0.925133689839572
45 1 1.0
47 1 0.0730452674897119
48 1 1.0
49 1 0.999103448275862
50 1 0.516129032258065
51 1 1.0
52 1 0.704545454545455
53 1 0.0133744855967078
56 1 0.75
58 1 0.770114942528736
59 1 0.352380952380952
63 1 0.359375
64 1 0.46875
65 1 0.851370851370851
68 1 1.0
70 1 0.962
71 1 0.130434782608696
72 1 0.355400696864112
74 1 0.655333333333333
76 1 0.0308641975308642
77 1 0.581818181818182
79 1 0.5
81 1 0.26453488372093
82 1 0.8
83 1 0.8015
84 1 0.570048309178744
85 1 1.0
87 1 0.0986601705237515
88 1 0.65
89 1 0.369565217391304
90 1 0.636363636363636
91 1 0.845376452753916
93 1 0.072928821470245
94 1 0.518518518518518
95 1 0.644444444444444
97 1 0.735294117647059
99 1 0.899894625922023
102 1 0.475495307612096
103 1 0.533333333333333
104 1 0.827586206896552
105 1 1.0
106 1 0.734042553191489
107 1 0.314285714285714
108 1 0.540540540540541
109 1 0.0257201646090535
110 1 0.428571428571429
111 1 0.584905660377358
3 2 0.0380658436213992
4 2 0.961513790891597
6 2 0.857142857142857
9 2 0.896637756920518
11 2 0.5
13 2 0.43956043956044
14 2 0.375
17 2 0.0617283950617284
18 2 0.903044357823062
20 2 0.313333333333333
22 2 0.895622895622896
23 2 0.298507462686567
24 2 0.672
26 2 0.484612228149364
30 2 0.185185185185185
31 2 0.625
33 2 0.439613526570048
34 2 0.255813953488372
35 2 0.951527924130664
41 2 0.5
42 2 0.328703703703704
43 2 0.527777777777778
44 2 0.925133689839572
47 2 0.958847736625514
48 2 0.586206896551724
49 2 0.208413793103448
50 2 0.483870967741935
53 2 0.986625514403292
55 2 0.4
58 2 0.770114942528736
59 2 0.647619047619048
63 2 0.359375
64 2 0.53125
65 2 0.873015873015873
70 2 0.961666666666667
71 2 0.869565217391304
72 2 0.644599303135889
74 2 0.668666666666667
76 2 0.994855967078189
77 2 0.672727272727273
79 2 0.5
81 2 0.26453488372093
82 2 0.75
83 2 0.7695
84 2 0.429951690821256
87 2 0.0986601705237515
88 2 0.65
89 2 0.369565217391304
90 2 0.363636363636364
91 2 0.154623547246084
92 2 0.896648044692737
93 2 0.978704784130688
94 2 0.481481481481481
95 2 0.644444444444444
97 2 0.735294117647059
99 2 0.100105374077977
102 2 0.524504692387904
103 2 0.533333333333333
104 2 0.879310344827586
105 2 1.0
106 2 0.723404255319149
107 2 0.314285714285714
108 2 0.945945945945946
109 2 0.997942386831276
110 2 1.0
111 2 0.584905660377358
1 3 0.5
3 3 0.044238683127572
4 3 0.323284156510584
5 3 0.0454545454545455
6 3 0.136190476190476
7 3 0.875
8 3 0.418181818181818
9 3 0.395984317452774
11 3 0.6
12 3 0.170212765957447
13 3 0.472527472527473
14 3 0.25
17 3 0.0411522633744856
18 3 0.271081067745596
20 3 0.306666666666667
21 3 0.266666666666667
22 3 0.235690235690236
23 3 0.477611940298507
24 3 0.258666666666667
25 3 0.572727272727273
26 3 0.0
27 3 0.118518518518519
30 3 0.222222222222222
31 3 0.328125
32 3 0.555555555555556
33 3 0.169082125603865
34 3 0.325581395348837
35 3 0.0168598524762908
37 3 0.5
41 3 0.0462962962962963
42 3 0.240740740740741
43 3 0.101851851851852
44 3 0.229946524064171
45 3 0.5
46 3 0.5
47 3 0.0113168724279835
48 3 0.793103448275862
49 3 0.000137931034482759
50 3 0.290322580645161
51 3 1.0
52 3 0.0909090909090909
53 3 0.0174897119341564
54 3 0.253623188405797
56 3 0.5
57 3 0.572727272727273
58 3 0.158829676071055
59 3 0.0857142857142857
61 3 0.0380952380952381
63 3 0.125
64 3 0.34375
65 3 0.0461760461760462
66 3 0.354545454545455
68 3 0.5
69 3 0.142857142857143
70 3 0.156333333333333
71 3 0.152173913043478
72 3 0.101045296167247
73 3 0.5
74 3 0.252666666666667
76 3 0.0360082304526749
77 3 0.6
78 3 0.424731182795699
79 3 0.6
80 3 0.5
81 3 0.139171511627907
82 3 0.733333333333333
83 3 0.1475
84 3 0.231884057971014
85 3 0.5
87 3 0.0395858708891596
88 3 0.2
89 3 0.291304347826087
90 3 0.20979020979021
91 3 0.0500252652854977
92 3 0.0116387337057728
93 3 0.0189614935822637
94 3 0.333333333333333
95 3 0.111111111111111
96 3 0.42
97 3 0.666666666666667
99 3 0.053740779768177
101 3 0.5
102 3 0.0114702815432742
103 3 0.0
104 3 0.586206896551724
105 3 0.0
106 3 0.361702127659574
107 3 0.0714285714285714
108 3 0.675675675675676
109 3 0.0164609053497942
110 3 0.142857142857143
111 3 0.0754716981132075
15 5 0.670731707317073
19 5 0.638926538357278
3 6 0.0380658436213992
4 6 0.323925593329057
6 6 0.167142857142857
9 6 0.896756564096471
11 6 0.6
12 6 0.132978723404255
13 6 0.450549450549451
14 6 0.340909090909091
17 6 0.0617283950617284
18 6 0.339517442147333
20 6 0.313333333333333
22 6 0.579124579124579
23 6 0.582089552238806
24 6 0.528666666666667
26 6 0.171112022979073
30 6 0.185185185185185
31 6 0.390625
33 6 0.560386473429952
34 6 0.290697674418605
35 6 0.0958904109589041
39 6 0.444366852886406
40 6 0.313780260707635
41 6 0.416666666666667
42 6 0.328703703703704
43 6 0.222222222222222
44 6 0.780748663101604
45 6 0.5
47 6 0.065843621399177
48 6 0.620689655172414
49 6 0.00220689655172414
50 6 0.467741935483871
51 6 1.0
52 6 0.681818181818182
53 6 0.0133744855967078
56 6 0.75
58 6 0.640543364681296
59 6 0.171428571428571
60 6 0.181564245810056
62 6 0.0868249534450652
63 6 0.078125
64 6 0.34375
65 6 0.171717171717172
68 6 0.5
70 6 0.799833333333333
71 6 0.130434782608696
72 6 0.355400696864112
74 6 0.454666666666667
76 6 0.0308641975308642
77 6 0.6
79 6 0.6
80 6 0.5
81 6 0.241642441860465
82 6 0.783333333333333
83 6 0.52
84 6 0.57487922705314
85 6 0.5
87 6 0.0736906211936663
88 6 0.325
89 6 0.330434782608696
90 6 0.125874125874126
91 6 0.159171298635675
92 6 0.00791433891992551
93 6 0.0641773628938156
94 6 0.506172839506173
95 6 0.0888888888888889
97 6 0.735294117647059
98 6 0.0223463687150838
99 6 0.499473129610116
102 6 0.460896767466111
103 6 0.0
104 6 0.46551724137931
105 6 0.333333333333333
106 6 0.48936170212766
107 6 0.104761904761905
108 6 0.567567567567568
109 6 0.0236625514403292
110 6 0.571428571428571
111 6 0.0
12 7 0.154255319148936
35 7 0.831401475237092
45 7 0.5
76 7 0.881687242798354
109 7 0.889917695473251
45 8 0.5
49 8 0.0608965517241379
1 9 0.5
3 9 0.01440329218107
5 9 0.0636363636363636
6 9 0.104285714285714
7 9 0.875
8 9 0.290909090909091
9 9 0.633836283711536
11 9 0.8
12 9 0.0851063829787234
13 9 0.384615384615385
14 9 0.181818181818182
17 9 0.0380658436213992
18 9 0.279518428973208
20 9 0.29
21 9 0.333333333333333
22 9 0.38047138047138
23 9 0.298507462686567
24 9 0.191333333333333
25 9 0.472727272727273
26 9 0.0623717685679114
27 9 0.185185185185185
30 9 0.185185185185185
31 9 0.3125
33 9 0.140096618357488
34 9 0.27906976744186
35 9 0.0221285563751317
36 9 0.839493708751659
37 9 0.5
41 9 0.25
42 9 0.328703703703704
43 9 0.0277777777777778
44 9 0.219251336898396
45 9 0.5
46 9 0.5
47 9 0.0102880658436214
48 9 0.586206896551724
49 9 0.00524137931034483
50 9 0.193548387096774
51 9 1.0
52 9 0.181818181818182
53 9 0.0288065843621399
54 9 0.228260869565217
56 9 0.75
57 9 0.472727272727273
58 9 0.0407523510971787
59 9 0.133333333333333
61 9 0.0476190476190476
63 9 0.09375
64 9 0.0625
65 9 0.088023088023088
66 9 0.227272727272727
68 9 0.5
69 9 0.571428571428571
70 9 0.259833333333333
71 9 0.195652173913043
72 9 0.348432055749129
73 9 0.5
74 9 0.198
76 9 0.0432098765432099
77 9 0.545454545454545
78 9 0.521505376344086
79 9 0.8
80 9 0.5
81 9 0.137354651162791
82 9 0.816666666666667
83 9 0.185
84 9 0.120772946859903
85 9 0.5
87 9 0.0578562728380024
88 9 0.35
89 9 0.230434782608696
90 9 0.223776223776224
91 9 0.100050530570995
92 9 0.161080074487896
93 9 0.0236289381563594
94 9 0.160493827160494
95 9 0.111111111111111
96 9 0.21
97 9 0.647058823529412
99 9 0.0432033719704953
101 9 0.5
102 9 0.105318039624609
103 9 0.0
104 9 0.344827586206897
105 9 0.333333333333333
106 9 0.563829787234043
107 9 0.0476190476190476
108 9 0.540540540540541
109 9 0.0257201646090535
110 9 0.571428571428571
111 9 0.0377358490566038
14 11 0.181818181818182
17 11 0.0226337448559671
20 11 0.313333333333333
26 11 0.00205170291341814
33 11 0.1256038647343
34 11 0.27906976744186
35 11 0.00842992623814542
41 11 0.166666666666667
42 11 0.305555555555556
43 11 0.0648148148148148
45 11 0.5
50 11 0.145161290322581
53 11 0.0133744855967078
56 11 0.0
59 11 0.0952380952380952
64 11 0.0625
68 11 0.5
71 11 0.195652173913043
72 11 0.257839721254355
84 11 0.140096618357488
85 11 0.5
89 11 0.265217391304348
90 11 0.202797202797203
91 11 0.0879231935320869
94 11 0.222222222222222
99 11 0.0231822971548999
102 11 0.0250260688216893
103 11 0.0
105 11 0.333333333333333
107 11 0.0523809523809524
12 12 0.11436170212766
26 12 0.0
35 12 0.0263435194942044
45 12 0.5
49 12 0.000620689655172414
76 12 0.0349794238683128
109 12 0.0205761316872428
1 13 0.5
3 13 0.0113168724279835
5 13 0.0272727272727273
6 13 0.0676190476190476
7 13 0.875
8 13 0.181818181818182
9 13 0.67209219436854
10 13 0.0791772688719254
11 13 0.5
12 13 0.0930851063829787
13 13 0.373626373626374
14 13 0.170454545454545
17 13 0.0236625514403292
18 13 0.292347165342675
20 13 0.293333333333333
21 13 0.233333333333333
22 13 0.286195286195286
23 13 0.26865671641791
24 13 0.174
25 13 0.445454545454545
26 13 0.000820681165367255
27 13 0.133333333333333
28 13 0.0181818181818182
30 13 0.259259259259259
31 13 0.28125
32 13 0.446941323345818
33 13 0.106280193236715
34 13 0.27906976744186
35 13 0.0126448893572181
37 13 0.5
40 13 0.327048417132216
41 13 0.305555555555556
42 13 0.386574074074074
43 13 0.0277777777777778
44 13 0.106951871657754
45 13 0.5
46 13 0.5
47 13 0.0051440329218107
48 13 0.637931034482759
49 13 0.000482758620689655
50 13 0.161290322580645
51 13 1.0
52 13 0.0681818181818182
53 13 0.01440329218107
54 13 0.221014492753623
56 13 0.25
57 13 0.445454545454545
58 13 0.0564263322884013
59 13 0.0952380952380952
60 13 0.177839851024209
61 13 0.0285714285714286
62 13 0.0917132216014898
63 13 0.109375
64 13 0.125
65 13 0.0404040404040404
66 13 0.109090909090909
68 13 0.5
69 13 0.142857142857143
70 13 0.269166666666667
71 13 0.0869565217391304
72 13 0.264808362369338
73 13 0.5
74 13 0.170666666666667
75 13 0.263636363636364
76 13 0.0267489711934156
77 13 0.509090909090909
78 13 0.5
79 13 0.5
80 13 0.5
81 13 0.0806686046511628
82 13 0.716666666666667
83 13 0.153
84 13 0.14975845410628
85 13 0.5
87 13 0.0243605359317905
88 13 0.15
89 13 0.239130434782609
90 13 0.202797202797203
91 13 0.088933804951996
92 13 0.00814711359404097
93 13 0.00670945157526254
94 13 0.197530864197531
95 13 0.111111111111111
96 13 0.22
97 13 0.549019607843137
98 13 0.0223463687150838
99 13 0.0263435194942044
101 13 0.5
102 13 0.0604796663190824
103 13 0.0
104 13 0.258620689655172
105 13 0.333333333333333
106 13 0.361702127659574
107 13 0.0571428571428571
108 13 0.756756756756757
109 13 0.0154320987654321
110 13 0.142857142857143
111 13 0.0566037735849057
1 15 0.5
3 15 0.0329218106995885
5 15 0.0818181818181818
6 15 0.119047619047619
7 15 0.875
9 15 0.674587145063562
11 15 0.5
12 15 0.154255319148936
13 15 0.395604395604396
14 15 0.136363636363636
17 15 0.0390946502057613
18 15 0.248680120392757
20 15 0.253333333333333
21 15 0.433333333333333
22 15 0.306397306397306
23 15 0.402985074626866
24 15 0.121333333333333
25 15 0.545454545454545
26 15 0.0
27 15 0.0888888888888889
30 15 0.37037037037037
31 15 0.359375
33 15 0.135265700483092
34 15 0.302325581395349
35 15 0.0200210748155954
36 15 0.841559631312282
37 15 0.5
41 15 0.289351851851852
42 15 0.384259259259259
43 15 0.0277777777777778
44 15 0.112299465240642
45 15 0.5
46 15 0.5
47 15 0.0339506172839506
48 15 0.810344827586207
49 15 0.031448275862069
50 15 0.258064516129032
52 15 0.159090909090909
53 15 0.01440329218107
54 15 0.235507246376812
56 15 0.25
57 15 0.545454545454545
58 15 0.101358411703239
59 15 0.152380952380952
61 15 0.0285714285714286
63 15 0.046875
64 15 0.21875
65 15 0.051948051948052
68 15 0.5
69 15 0.142857142857143
70 15 0.2385
71 15 0.0434782608695652
72 15 0.0209059233449477
73 15 0.5
74 15 0.122666666666667
76 15 0.0318930041152263
77 15 0.418181818181818
78 15 0.446236559139785
79 15 0.5
80 15 0.5
82 15 0.7
83 15 0.1625
84 15 0.159420289855072
85 15 0.5
87 15 0.0347137637028015
88 15 0.375
89 15 0.239130434782609
90 15 0.188811188811189
91 15 0.0464881253158161
93 15 0.0405484247374562
94 15 0.160493827160494
95 15 0.0666666666666667
97 15 0.607843137254902
99 15 0.0463645943097998
101 15 0.5
102 15 0.0281543274244004
103 15 0.0
104 15 0.448275862068966
105 15 0.333333333333333
106 15 0.319148936170213
107 15 0.0380952380952381
108 15 0.702702702702703
109 15 0.0174897119341564
110 15 0.142857142857143
111 15 0.0566037735849057
14 16 0.136363636363636
17 16 0.0390946502057613
20 16 0.253333333333333
26 16 0.0
33 16 0.135265700483092
34 16 0.302325581395349
35 16 0.0200210748155954
41 16 0.289351851851852
42 16 0.384259259259259
43 16 0.0277777777777778
45 16 0.5
50 16 0.258064516129032
53 16 0.01440329218107
56 16 0.25
59 16 0.152380952380952
64 16 0.21875
68 16 0.5
71 16 0.0434782608695652
72 16 0.0209059233449477
84 16 0.159420289855072
85 16 0.5
89 16 0.239130434782609
90 16 0.188811188811189
91 16 0.0464881253158161
94 16 0.160493827160494
99 16 0.0463645943097998
102 16 0.0281543274244004
103 16 0.0
105 16 0.333333333333333
107 16 0.0380952380952381
98 19 0.0223463687150838
3 20 0.0380658436213992
4 20 0.923027581783194
6 20 0.717619047619048
9 20 0.807769989307354
11 20 0.6
12 20 0.734042553191489
13 20 0.43956043956044
14 20 0.159090909090909
17 20 0.0617283950617284
18 20 0.339566783441062
20 20 0.313333333333333
22 20 0.848484848484849
23 20 0.298507462686567
24 20 0.429333333333333
26 20 0.115716044316783
30 20 0.185185185185185
31 20 0.640625
33 20 0.120772946859903
34 20 0.290697674418605
35 20 0.0484720758693361
41 20 0.25
42 20 0.328703703703704
43 20 0.194444444444444
44 20 0.374331550802139
45 20 0.5
47 20 0.0565843621399177
48 20 0.568965517241379
49 20 0.132344827586207
50 20 0.274193548387097
51 20 1.0
52 20 0.227272727272727
53 20 0.0133744855967078
56 20 0.25
58 20 0.371995820271682
59 20 0.19047619047619
63 20 0.25
64 20 0.21875
65 20 0.724386724386724
68 20 0.5
70 20 0.932
71 20 0.130434782608696
72 20 0.278745644599303
74 20 0.438666666666667
76 20 0.0308641975308642
77 20 0.581818181818182
79 20 0.6
81 20 0.231831395348837
82 20 0.8
83 20 0.5825
84 20 0.144927536231884
85 20 0.5
87 20 0.0639464068209501
88 20 0.55
89 20 0.260869565217391
90 20 0.293706293706294
91 20 0.154623547246084
92 20 0.00861266294227188
93 20 0.0498833138856476
94 20 0.259259259259259
95 20 0.333333333333333
97 20 0.715686274509804
99 20 0.100105374077977
102 20 0.333680917622523
103 20 0.0
104 20 0.706896551724138
105 20 0.333333333333333
106 20 0.606382978723404
107 20 0.0904761904761905
108 20 0.567567567567568
109 20 0.0349794238683128
110 20 0.571428571428571
111 20 0.471698113207547
3 22 0.0380658436213992
6 22 0.857142857142857
11 22 0.5
12 22 0.973404255319149
13 22 0.43956043956044
14 22 0.375
17 22 0.0617283950617284
18 22 0.339566783441062
20 22 0.313333333333333
22 22 0.895622895622896
23 22 0.82089552238806
24 22 0.672
26 22 0.515387771850636
30 22 0.185185185185185
31 22 0.625
33 22 0.560386473429952
34 22 0.267441860465116
35 22 0.951527924130664
41 22 0.5
42 22 0.328703703703704
43 22 0.472222222222222
44 22 0.925133689839572
45 22 1.0
47 22 0.0730452674897119
48 22 1.0
49 22 0.999103448275862
50 22 0.516129032258065
52 22 0.704545454545455
53 22 0.0133744855967078
56 22 0.75
58 22 0.770114942528736
59 22 0.352380952380952
63 22 0.359375
64 22 0.46875
65 22 0.851370851370851
68 22 1.0
71 22 0.130434782608696
72 22 0.355400696864112
74 22 0.655333333333333
76 22 0.0308641975308642
77 22 0.581818181818182
79 22 0.5
81 22 0.26453488372093
82 22 0.8
83 22 0.8015
84 22 0.570048309178744
85 22 1.0
87 22 0.0986601705237515
88 22 0.65
89 22 0.369565217391304
90 22 0.636363636363636
91 22 0.845376452753916
93 22 0.072928821470245
94 22 0.518518518518518
95 22 0.644444444444444
97 22 0.735294117647059
99 22 0.899894625922023
102 22 0.475495307612096
103 22 0.533333333333333
104 22 0.827586206896552
105 22 1.0
106 22 0.734042553191489
107 22 0.314285714285714
108 22 0.540540540540541
109 22 0.0257201646090535
110 22 0.428571428571429
111 22 0.584905660377358
3 23 0.0380658436213992
4 23 0.961513790891597
6 23 0.857142857142857
9 23 0.837115361767851
11 23 0.8
12 23 0.872340425531915
13 23 0.43956043956044
14 23 0.375
17 23 0.0617283950617284
18 23 0.339566783441062
20 23 0.313333333333333
22 23 0.922558922558923
23 23 0.298507462686567
24 23 0.672
26 23 0.484612228149364
30 23 0.185185185185185
31 23 0.75
33 23 0.439613526570048
34 23 0.267441860465116
35 23 0.0484720758693361
41 23 0.5
42 23 0.328703703703704
43 23 0.527777777777778
44 23 0.588235294117647
45 23 1.0
47 23 0.0730452674897119
48 23 0.586206896551724
49 23 0.208413793103448
50 23 0.483870967741935
51 23 1.0
52 23 0.318181818181818
53 23 0.0133744855967078
56 23 0.75
58 23 0.459770114942529
59 23 0.352380952380952
63 23 0.359375
64 23 0.53125
65 23 0.873015873015873
68 23 1.0
70 23 0.960666666666667
71 23 0.130434782608696
72 23 0.355400696864112
74 23 0.676
76 23 0.0308641975308642
77 23 0.581818181818182
79 23 0.8
81 23 0.26453488372093
82 23 0.816666666666667
83 23 0.7695
84 23 0.429951690821256
85 23 1.0
87 23 0.0986601705237515
88 23 0.675
89 23 0.369565217391304
90 23 0.363636363636364
91 23 0.154623547246084
92 23 0.00861266294227188
93 23 0.072928821470245
94 23 0.481481481481481
95 23 0.688888888888889
97 23 0.735294117647059
99 23 0.100105374077977
102 23 0.475495307612096
103 23 0.533333333333333
104 23 0.672413793103448
105 23 1.0
106 23 0.734042553191489
107 23 0.314285714285714
108 23 0.540540540540541
109 23 0.0257201646090535
110 23 0.428571428571429
111 23 0.660377358490566
14 25 0.625
17 25 0.0596707818930041
20 25 0.283333333333333
26 25 0.0361099712761592
33 25 0.144927536231884
34 25 0.732558139534884
35 25 0.0484720758693361
41 25 0.277777777777778
42 25 0.372685185185185
43 25 0.0277777777777778
45 25 0.5
50 25 0.483870967741935
53 25 0.0133744855967078
56 25 0.75
59 25 0.285714285714286
64 25 0.25
68 25 0.5
71 25 0.152173913043478
72 25 0.644599303135889
84 25 0.173913043478261
85 25 0.5
89 25 0.369565217391304
90 25 0.363636363636364
91 25 0.154623547246084
94 25 0.222222222222222
99 25 0.100105374077977
102 25 0.278415015641293
103 25 0.0
105 25 0.333333333333333
107 25 0.314285714285714
15 26 0.646341463414634
96 26 0.16
3 28 0.00925925925925926
6 28 0.137619047619048
11 28 0.8
12 28 0.13031914893617
13 28 0.450549450549451
14 28 0.159090909090909
17 28 0.0195473251028807
20 28 0.313333333333333
22 28 0.272727272727273
23 28 0.223880597014925
24 28 0.202666666666667
26 28 0.0
30 28 0.185185185185185
31 28 0.375
33 28 0.120772946859903
34 28 0.290697674418605
35 28 0.00842992623814542
41 28 0.0277777777777778
42 28 0.361111111111111
43 28 0.0
44 28 0.192513368983957
45 28 1.0
47 28 0.0113168724279835
48 28 0.586206896551724
49 28 0.000482758620689655
50 28 0.241935483870968
51 28 1.0
52 28 0.181818181818182
53 28 0.01440329218107
56 28 0.75
58 28 0.0553814002089864
59 28 0.142857142857143
63 28 0.109375
64 28 0.125
65 28 0.0331890331890332
68 28 1.0
71 28 0.152173913043478
72 28 0.024390243902439
74 28 0.215333333333333
76 28 0.0452674897119342
77 28 0.509090909090909
79 28 0.8
81 28 0.0694040697674419
82 28 0.816666666666667
83 28 0.157
84 28 0.14975845410628
85 28 1.0
87 28 0.0316686967113276
88 28 0.275
89 28 0.221739130434783
90 28 0.223776223776224
91 28 0.0505305709954522
93 28 0.00670945157526254
94 28 0.283950617283951
95 28 0.111111111111111
97 28 0.598039215686274
99 28 0.0189673340358272
102 28 0.0145985401459854
103 28 0.0
104 28 0.413793103448276
105 28 1.0
106 28 0.457446808510638
107 28 0.0428571428571429
108 28 0.621621621621622
109 28 0.0185185185185185
110 28 0.285714285714286
111 28 0.132075471698113
92 29 0.00861266294227188
3 30 0.0380658436213992
6 30 0.857142857142857
11 30 0.5
12 30 0.973404255319149
13 30 0.43956043956044
14 30 0.375
17 30 0.0617283950617284
20 30 0.313333333333333
22 30 0.895622895622896
23 30 0.82089552238806
24 30 0.672
26 30 0.515387771850636
30 30 0.185185185185185
31 30 0.625
33 30 0.560386473429952
34 30 0.267441860465116
35 30 0.951527924130664
41 30 0.5
42 30 0.328703703703704
43 30 0.472222222222222
44 30 0.925133689839572
45 30 1.0
47 30 0.0730452674897119
48 30 1.0
50 30 0.516129032258065
51 30 1.0
52 30 0.704545454545455
53 30 0.0133744855967078
56 30 0.75
58 30 0.770114942528736
59 30 0.352380952380952
63 30 0.359375
64 30 0.46875
65 30 0.851370851370851
68 30 1.0
71 30 0.130434782608696
72 30 0.355400696864112
74 30 0.655333333333333
76 30 0.0308641975308642
77 30 0.581818181818182
79 30 0.5
82 30 0.8
83 30 0.8015
84 30 0.570048309178744
85 30 1.0
87 30 0.0986601705237515
88 30 0.65
89 30 0.369565217391304
90 30 0.636363636363636
93 30 0.072928821470245
94 30 0.518518518518518
95 30 0.644444444444444
97 30 0.735294117647059
99 30 0.899894625922023
102 30 0.475495307612096
103 30 0.533333333333333
104 30 0.827586206896552
105 30 1.0
106 30 0.734042553191489
107 30 0.314285714285714
108 30 0.540540540540541
109 30 0.0257201646090535
110 30 0.428571428571429
111 30 0.584905660377358
3 31 0.0380658436213992
4 31 0.610647851186658
6 31 0.425238095238095
9 31 0.968516098372342
11 31 0.8
12 31 0.696808510638298
13 31 0.428571428571429
14 31 0.375
17 31 0.0617283950617284
18 31 0.477870429762668
20 31 0.313333333333333
22 31 0.878787878787879
23 31 0.283582089552239
24 31 0.327333333333333
26 31 0.10176446450554
30 31 0.185185185185185
31 31 0.75
33 31 0.328502415458937
34 31 0.267441860465116
35 31 0.0379346680716544
41 31 0.347222222222222
42 31 0.328703703703704
43 31 0.0787037037037037
44 31 0.245989304812834
45 31 0.5
47 31 0.0637860082304527
49 31 0.172896551724138
50 31 0.483870967741935
52 31 0.636363636363636
53 31 0.0133744855967078
55 31 0.1
56 31 0.75
58 31 0.077324973876698
59 31 0.314285714285714
63 31 0.359375
64 31 0.0625
65 31 0.396825396825397
68 31 0.5
70 31 0.828166666666667
71 31 0.130434782608696
72 31 0.313588850174216
74 31 0.375333333333333
76 31 0.0308641975308642
77 31 0.581818181818182
79 31 0.8
81 31 0.253633720930233
82 31 0.7
83 31 0.389
84 31 0.314009661835749
85 31 0.5
87 31 0.0554202192448234
88 31 0.675
89 31 0.369565217391304
90 31 0.146853146853147
91 31 0.0747852450732693
92 31 0.00861266294227188
93 31 0.072928821470245
94 31 0.469135802469136
95 31 0.333333333333333
97 31 0.911764705882353
99 31 0.100105374077977
102 31 0.375391032325339
103 31 0.266666666666667
104 31 0.586206896551724
105 31 1.0
106 31 0.542553191489362
107 31 0.685714285714286
108 31 0.567567567567568
109 31 0.0257201646090535
110 31 0.428571428571429
111 31 0.339622641509434
15 32 0.646341463414634
19 32 0.638926538357278
38 32 0.568
19 33 0.703171591217132
35 35 0.0453108535300316
45 35 0.5
49 35 0.040551724137931
43 36 0.532407407407407
92 36 0.0216480446927374
103 36 0.533333333333333
111 36 0.547169811320755
3 37 0.0164609053497942
6 37 0.116190476190476
11 37 0.6
12 37 0.188829787234043
13 37 0.516483516483517
14 37 0.159090909090909
17 37 0.0257201646090535
18 37 0.249222874623773
20 37 0.34
22 37 0.265993265993266
23 37 0.313432835820896
24 37 0.214666666666667
26 37 0.0
30 37 0.259259259259259
31 37 0.34375
33 37 0.144927536231884
34 37 0.244186046511628
35 37 0.00737618545837724
41 37 0.194444444444444
42 37 0.328703703703704
43 37 0.0277777777777778
44 37 0.267379679144385
45 37 1.0
47 37 0.00720164609053498
48 37 0.724137931034483
49 37 0.000344827586206897
50 37 0.225806451612903
51 37 1.0
52 37 0.159090909090909
53 37 0.0164609053497942
56 37 0.75
58 37 0.0637408568443051
59 37 0.142857142857143
63 37 0.15625
64 37 0.15625
65 37 0.0447330447330447
68 37 1.0
71 37 0.152173913043478
72 37 0.024390243902439
74 37 0.229333333333333
76 37 0.0267489711934156
77 37 0.4
79 37 0.6
82 37 0.716666666666667
83 37 0.1465
84 37 0.159420289855072
85 37 1.0
87 37 0.0274056029232643
88 37 0.225
89 37 0.252173913043478
90 37 0.195804195804196
91 37 0.0540677109651339
93 37 0.00962660443407235
94 37 0.222222222222222
95 37 0.0888888888888889
97 37 0.647058823529412
99 37 0.0316122233930453
102 37 0.00938477580813347
103 37 0.0
104 37 0.396551724137931
105 37 1.0
106 37 0.457446808510638
107 37 0.0571428571428571
108 37 0.648648648648649
109 37 0.0102880658436214
110 37 0.571428571428571
111 37 0.0943396226415094
12 39 0.178191489361702
35 39 0.0769230769230769
45 39 0.5
49 39 0.177793103448276
76 39 0.0411522633744856
92 39 0.0153631284916201
109 39 0.0277777777777778
3 40 0.0380658436213992
6 40 0.176666666666667
9 40 0.78127598906974
11 40 0.3
12 40 0.587765957446808
13 40 0.483516483516484
14 40 0.204545454545455
17 40 0.0617283950617284
20 40 0.313333333333333
22 40 0.676767676767677
23 40 0.313432835820896
24 40 0.418
26 40 0.0599097250718096
30 40 0.185185185185185
31 40 0.59375
33 40 0.120772946859903
34 40 0.27906976744186
35 40 0.0210748155953635
41 40 0.25
42 40 0.342592592592593
43 40 0.0277777777777778
44 40 0.385026737967914
45 40 0.5
47 40 0.0565843621399177
48 40 0.586206896551724
50 40 0.258064516129032
51 40 1.0
52 40 0.159090909090909
53 40 0.0133744855967078
56 40 0.75
58 40 0.213166144200627
59 40 0.161904761904762
63 40 0.203125
64 40 0.25
65 40 0.209235209235209
68 40 0.5
70 40 0.5955
71 40 0.130434782608696
72 40 0.264808362369338
74 40 0.447333333333333
76 40 0.0308641975308642
77 40 0.563636363636364
79 40 0.3
81 40 0.231831395348837
82 40 0.766666666666667
83 40 0.279
84 40 0.144927536231884
85 40 0.5
87 40 0.0639464068209501
88 40 0.25
89 40 0.247826086956522
90 40 0.286713286713287
91 40 0.149570490146539
93 40 0.0498833138856476
94 40 0.296296296296296
95 40 0.111111111111111
97 40 0.676470588235294
99 40 0.100105374077977
102 40 0.280500521376434
103 40 0.0
104 40 0.413793103448276
105 40 0.333333333333333
106 40 0.446808510638298
107 40 0.104761904761905
108 40 0.621621621621622
109 40 0.0216049382716049
110 40 0.142857142857143
111 40 0.0754716981132075
12 43 0.154255319148936
35 43 0.789251844046365
45 43 0.5
76 43 0.89917695473251
109 43 0.640946502057613
1 44 0.5
3 44 0.0421810699588477
5 44 0.118181818181818
6 44 0.080952380952381
7 44 0.875
8 44 0.690909090909091
9 44 0.450279196863491
10 44 0.221692111959288
11 44 0.5
12 44 0.11436170212766
13 44 0.450549450549451
14 44 0.159090909090909
17 44 0.0411522633744856
18 44 0.18951990921202
20 44 0.323333333333333
21 44 0.233333333333333
22 44 0.0101010101010101
23 44 0.328358208955224
24 44 0.251333333333333
25 44 0.663636363636364
26 44 0.0
27 44 0.111111111111111
29 44 0.816326530612245
30 44 0.296296296296296
31 44 0.34375
32 44 0.284644194756554
33 44 0.173913043478261
34 44 0.27906976744186
35 44 0.0263435194942044
37 44 0.5
41 44 0.111111111111111
42 44 0.3125
43 44 0.104166666666667
44 44 0.192513368983957
45 44 0.5
46 44 0.5
47 44 0.0812757201646091
48 44 0.741379310344828
49 44 0.000620689655172414
50 44 0.0967741935483871
51 44 1.0
52 44 0.227272727272727
53 44 0.0174897119341564
54 44 0.268115942028986
56 44 0.5
57 44 0.663636363636364
58 44 0.317659352142111
59 44 0.133333333333333
61 44 0.0285714285714286
63 44 0.03125
64 44 0.34375
65 44 0.0461760461760462
66 44 0.509090909090909
68 44 0.5
69 44 0.0
70 44 0.0458333333333333
71 44 0.0434782608695652
72 44 0.0
73 44 0.5
74 44 0.23
76 44 0.0349794238683128
77 44 0.545454545454545
78 44 0.459677419354839
79 44 0.5
80 44 0.5
81 44 0.185683139534884
82 44 0.7
83 44 0.11
84 44 0.217391304347826
85 44 0.5
87 44 0.0401948842874543
88 44 0.325
89 44 0.3
90 44 0.230769230769231
91 44 0.0404244567963618
92 44 0.0114059590316574
93 44 0.0872228704784131
94 44 0.271604938271605
95 44 0.111111111111111
96 44 0.136666666666667
97 44 0.627450980392157
99 44 0.0758693361433087
101 44 0.5
102 44 0.0469238790406674
103 44 0.0
104 44 0.5
105 44 0.333333333333333
106 44 0.361702127659574
107 44 0.0476190476190476
108 44 0.648648648648649
109 44 0.0205761316872428
110 44 0.0
111 44 0.0566037735849057
1 45 0.5
3 45 0.0380658436213992
5 45 0.0818181818181818
6 45 0.125238095238095
7 45 0.875
8 45 0.309090909090909
9 45 0.661043127004871
10 45 0.0583545377438507
11 45 0.5
12 45 0.0718085106382979
13 45 0.384615384615385
14 45 0.136363636363636
17 45 0.0617283950617284
18 45 0.248630779099028
20 45 0.263333333333333
21 45 0.3
22 45 0.31986531986532
23 45 0.343283582089552
24 45 0.124
25 45 0.636363636363636
26 45 0.0
27 45 0.0814814814814815
28 45 0.00909090909090909
30 45 0.222222222222222
31 45 0.5625
32 45 0.399500624219725
33 45 0.1256038647343
34 45 0.27906976744186
35 45 0.0284510010537408
37 45 0.5
39 45 0.283752327746741
40 45 0.285614525139665
41 45 0.277777777777778
42 45 0.328703703703704
43 45 0.0277777777777778
44 45 0.122994652406417
45 45 0.5
46 45 0.5
47 45 0.0545267489711934
48 45 0.586206896551724
49 45 0.0290344827586207
50 45 0.193548387096774
52 45 0.0909090909090909
53 45 0.0133744855967078
54 45 0.228260869565217
56 45 0.25
57 45 0.636363636363636
58 45 0.071055381400209
59 45 0.133333333333333
60 45 0.136871508379888
61 45 0.0285714285714286
62 45 0.0847299813780261
63 45 0.15625
64 45 0.15625
65 45 0.0822510822510823
66 45 0.281818181818182
68 45 0.5
69 45 0.571428571428571
70 45 0.191166666666667
71 45 0.0652173913043478
72 45 0.0209059233449477
73 45 0.5
74 45 0.122
75 45 0.172727272727273
76 45 0.0277777777777778
77 45 0.563636363636364
78 45 0.486559139784946
79 45 0.5
80 45 0.5
81 45 0.222747093023256
82 45 0.783333333333333
83 45 0.1495
84 45 0.154589371980676
85 45 0.5
87 45 0.0694275274056029
88 45 0.425
89 45 0.234782608695652
90 45 0.13986013986014
91 45 0.0565942395149065
92 45 0.0104748603351955
93 45 0.0615519253208868
94 45 0.172839506172839
95 45 0.0888888888888889
96 45 0.116666666666667
97 45 0.549019607843137
98 45 0.0221135940409683
99 45 0.100105374077977
101 45 0.5
102 45 0.0437956204379562
103 45 0.0
104 45 0.379310344827586
105 45 0.333333333333333
106 45 0.404255319148936
107 45 0.0428571428571429
108 45 0.540540540540541
109 45 0.0205761316872428
110 45 0.571428571428571
111 45 0.0188679245283019
3 48 0.00925925925925926
4 48 0.0551635663887107
6 48 0.0485714285714286
8 48 0.118181818181818
9 48 0.65926101936557
10 48 0.132400339270568
12 48 0.0611702127659574
15 48 0.719512195121951
22 48 0.154882154882155
28 48 0.0545454545454545
32 48 0.31585518102372
35 48 0.0189673340358272
40 48 0.281424581005587
45 48 0.5
49 48 6.89655172413793e-05
58 48 0.0512016718913271
65 48 0.0274170274170274
66 48 0.1
70 48 0.1425
75 48 0.1
76 48 0.0277777777777778
80 48 0.5
90 48 0.0769230769230769
91 48 0.00909550277918141
92 48 0.00837988826815642
96 48 0.133333333333333
99 48 0.0326659641728135
102 48 0.0333680917622523
109 48 0.0185185185185185
110 48 0.142857142857143
15 51 0.768292682926829
19 51 0.654106804011927
38 51 0.566
4 53 0.923027581783194
6 53 0.717619047619048
9 53 0.807769989307354
12 53 0.734042553191489
18 53 0.339566783441062
22 53 0.848484848484849
23 53 0.298507462686567
31 53 0.640625
45 53 0.5
48 53 0.568965517241379
51 53 1.0
65 53 0.724386724386724
68 53 0.5
70 53 0.932
82 53 0.8
83 53 0.5825
85 53 0.5
88 53 0.55
97 53 0.715686274509804
103 53 0.0
104 53 0.706896551724138
105 53 0.333333333333333
106 53 0.606382978723404
108 53 0.567567567567568
3 54 0.0380658436213992
4 54 0.131494547787043
6 54 0.171428571428571
9 54 0.794938814304384
11 54 0.7
12 54 0.25
13 54 0.417582417582418
14 54 0.136363636363636
17 54 0.0617283950617284
18 54 0.348941629249519
19 54 0.804554079696395
20 54 0.313333333333333
22 54 0.569023569023569
23 54 0.298507462686567
24 54 0.130666666666667
26 54 0.086992203528929
30 54 0.185185185185185
31 54 0.53125
33 54 0.140096618357488
34 54 0.267441860465116
35 54 0.0221285563751317
39 54 0.34427374301676
40 54 0.315642458100559
41 54 0.356481481481481
42 54 0.328703703703704
43 54 0.104166666666667
44 54 0.13903743315508
45 54 0.5
47 54 0.0534979423868313
49 54 0.075448275862069
50 54 0.483870967741935
52 54 0.204545454545455
53 54 0.0133744855967078
55 54 0.1
56 54 0.75
58 54 0.0741901776384535
59 54 0.285714285714286
60 54 0.185055865921788
62 54 0.0907821229050279
63 54 0.078125
64 54 0.15625
65 54 0.103896103896104
68 54 0.5
70 54 0.383666666666667
71 54 0.130434782608696
72 54 0.254355400696864
74 54 0.143333333333333
76 54 0.0308641975308642
77 54 0.6
79 54 0.7
81 54 0.235101744186047
82 54 0.766666666666667
83 54 0.2145
84 54 0.140096618357488
85 54 0.5
87 54 0.0395858708891596
88 54 0.675
89 54 0.38695652173913
90 54 0.195804195804196
91 54 0.056088933804952
92 54 0.00861266294227188
93 54 0.072928821470245
94 54 0.197530864197531
95 54 0.333333333333333
96 54 0.14
97 54 0.637254901960784
98 54 0.0225791433891993
99 54 0.100105374077977
102 54 0.149113660062565
103 54 0.0
104 54 0.5
105 54 1.0
106 54 0.297872340425532
107 54 0.133333333333333
108 54 0.567567567567568
109 54 0.0257201646090535
110 54 0.428571428571429
111 54 0.0377358490566038
2 55 0.510405257393209
3 55 0.0380658436213992
4 55 0.610647851186658
6 55 0.425238095238095
9 55 0.968516098372342
11 55 0.8
12 55 0.696808510638298
13 55 0.428571428571429
14 55 0.375
17 55 0.0617283950617284
18 55 0.477870429762668
20 55 0.313333333333333
22 55 0.878787878787879
23 55 0.283582089552239
24 55 0.327333333333333
26 55 0.10176446450554
30 55 0.185185185185185
31 55 0.75
32 55 0.305867665418227
33 55 0.328502415458937
34 55 0.267441860465116
35 55 0.0379346680716544
41 55 0.347222222222222
42 55 0.328703703703704
43 55 0.0787037037037037
44 55 0.245989304812834
45 55 0.5
47 55 0.0637860082304527
49 55 0.172896551724138
50 55 0.483870967741935
52 55 0.636363636363636
53 55 0.0133744855967078
55 55 0.1
56 55 0.75
58 55 0.077324973876698
59 55 0.314285714285714
63 55 0.359375
64 55 0.0625
65 55 0.396825396825397
68 55 0.5
70 55 0.828166666666667
71 55 0.130434782608696
72 55 0.313588850174216
74 55 0.375333333333333
76 55 0.0308641975308642
77 55 0.581818181818182
79 55 0.8
80 55 0.5
81 55 0.253633720930233
82 55 0.7
83 55 0.389
84 55 0.314009661835749
85 55 0.5
86 55 0.51195437595964
87 55 0.0554202192448234
88 55 0.675
89 55 0.369565217391304
90 55 0.146853146853147
91 55 0.0747852450732693
92 55 0.00861266294227188
93 55 0.072928821470245
94 55 0.469135802469136
95 55 0.333333333333333
97 55 0.911764705882353
99 55 0.100105374077977
102 55 0.375391032325339
103 55 0.266666666666667
104 55 0.586206896551724
105 55 1.0
106 55 0.542553191489362
107 55 0.685714285714286
108 55 0.567567567567568
109 55 0.0257201646090535
110 55 0.428571428571429
111 55 0.339622641509434
3 56 0.0380658436213992
4 56 0.923027581783194
6 56 0.714285714285714
9 56 0.785553047404063
11 56 0.8
12 56 0.736702127659574
13 56 0.43956043956044
14 56 0.272727272727273
17 56 0.0617283950617284
18 56 0.339566783441062
20 56 0.313333333333333
22 56 0.841750841750842
23 56 0.298507462686567
24 56 0.420666666666667
26 56 0.10750923266311
30 56 0.259259259259259
31 56 0.53125
33 56 0.120772946859903
34 56 0.290697674418605
35 56 0.0379346680716544
41 56 0.25
42 56 0.328703703703704
43 56 0.194444444444444
44 56 0.438502673796791
45 56 1.0
47 56 0.0565843621399177
48 56 0.586206896551724
49 56 0.134344827586207
50 56 0.370967741935484
51 56 1.0
52 56 0.318181818181818
53 56 0.0133744855967078
56 56 0.75
58 56 0.371995820271682
59 56 0.19047619047619
63 56 0.234375
64 56 0.15625
65 56 0.724386724386724
68 56 1.0
70 56 0.932
71 56 0.130434782608696
72 56 0.278745644599303
74 56 0.431333333333333
76 56 0.044238683127572
77 56 0.581818181818182
79 56 0.8
81 56 0.231831395348837
82 56 0.816666666666667
83 56 0.5825
84 56 0.144927536231884
85 56 1.0
87 56 0.0639464068209501
88 56 0.525
89 56 0.369565217391304
90 56 0.265734265734266
91 56 0.154623547246084
92 56 0.00861266294227188
93 56 0.0498833138856476
94 56 0.259259259259259
95 56 0.311111111111111
97 56 0.735294117647059
99 56 0.100105374077977
102 56 0.333680917622523
103 56 0.0
104 56 0.53448275862069
105 56 1.0
106 56 0.606382978723404
107 56 0.10952380952381
108 56 0.540540540540541
109 56 0.0349794238683128
110 56 0.571428571428571
111 56 0.471698113207547
3 57 0.0380658436213992
4 57 0.961513790891597
6 57 0.857142857142857
9 57 0.837115361767851
11 57 0.8
12 57 0.872340425531915
13 57 0.43956043956044
14 57 0.375
17 57 0.0617283950617284
18 57 0.339566783441062
20 57 0.313333333333333
22 57 0.922558922558923
23 57 0.298507462686567
24 57 0.672
26 57 0.484612228149364
30 57 0.185185185185185
31 57 0.75
33 57 0.439613526570048
34 57 0.267441860465116
35 57 0.0484720758693361
39 57 0.463919925512104
40 57 0.327746741154562
41 57 0.5
42 57 0.328703703703704
43 57 0.527777777777778
44 57 0.588235294117647
45 57 1.0
47 57 0.0730452674897119
48 57 0.586206896551724
49 57 0.208413793103448
50 57 0.483870967741935
51 57 1.0
52 57 0.318181818181818
53 57 0.0133744855967078
56 57 0.75
58 57 0.459770114942529
59 57 0.352380952380952
60 57 0.187150837988827
62 57 0.0907821229050279
63 57 0.359375
64 57 0.53125
65 57 0.873015873015873
68 57 1.0
70 57 0.960666666666667
71 57 0.130434782608696
72 57 0.355400696864112
74 57 0.676
76 57 0.0308641975308642
77 57 0.581818181818182
79 57 0.8
81 57 0.26453488372093
82 57 0.816666666666667
83 57 0.7695
84 57 0.429951690821256
85 57 1.0
87 57 0.0986601705237515
88 57 0.675
89 57 0.369565217391304
90 57 0.363636363636364
91 57 0.154623547246084
92 57 0.00861266294227188
93 57 0.072928821470245
94 57 0.481481481481481
95 57 0.688888888888889
97 57 0.735294117647059
98 57 0.0225791433891993
99 57 0.100105374077977
102 57 0.475495307612096
103 57 0.533333333333333
104 57 0.672413793103448
105 57 1.0
106 57 0.734042553191489
107 57 0.314285714285714
108 57 0.540540540540541
109 57 0.0257201646090535
110 57 0.428571428571429
111 57 0.660377358490566
12 58 0.872340425531915
35 58 0.0484720758693361
45 58 1.0
49 58 0.994
76 58 0.0308641975308642
92 58 0.00861266294227188
109 58 0.0257201646090535
15 59 0.670731707317073
19 59 0.638926538357278
45 60 0.5
49 60 0.0608965517241379
103 61 0.533333333333333
1 62 0.5
3 62 0.0380658436213992
5 62 0.0636363636363636
6 62 0.0738095238095238
7 62 0.875
8 62 0.881818181818182
9 62 0.37400498990139
11 62 0.4
12 62 0.0824468085106383
13 62 0.538461538461538
14 62 0.215909090909091
17 62 0.0432098765432099
20 62 0.313333333333333
21 62 0.233333333333333
22 62 0.0235690235690236
23 62 0.373134328358209
24 62 0.263333333333333
25 62 0.581818181818182
26 62 0.0
27 62 0.0888888888888889
30 62 0.296296296296296
31 62 0.25
33 62 0.207729468599034
34 62 0.290697674418605
35 62 0.0189673340358272
37 62 0.5
41 62 0.0972222222222222
42 62 0.321759259259259
43 62 0.0763888888888889
44 62 0.122994652406417
45 62 0.5
46 62 0.5
47 62 0.0524691358024691
48 62 0.758620689655172
49 62 0.000620689655172414
50 62 0.17741935483871
51 62 1.0
52 62 0.181818181818182
53 62 0.0164609053497942
54 62 0.228260869565217
56 62 0.5
57 62 0.581818181818182
58 62 0.262277951933124
59 62 0.19047619047619
61 62 0.0380952380952381
63 62 0.078125
64 62 0.28125
65 62 0.0303030303030303
66 62 0.881818181818182
68 62 0.5
69 62 0.142857142857143
70 62 0.0481666666666667
71 62 0.130434782608696
72 62 0.0104529616724739
73 62 0.5
74 62 0.233333333333333
76 62 0.0318930041152263
77 62 0.563636363636364
78 62 0.505376344086022
79 62 0.4
80 62 0.5
81 62 0.167877906976744
82 62 0.666666666666667
83 62 0.1015
84 62 0.193236714975845
85 62 0.5
87 62 0.0304506699147381
88 62 0.5
89 62 0.321739130434783
90 62 0.573426573426573
91 62 0.129358261748358
93 62 0.0498833138856476
94 62 0.259259259259259
95 62 0.111111111111111
96 62 0.916666666666667
97 62 0.617647058823529
99 62 0.0642781875658588
101 62 0.5
102 62 0.040667361835245
103 62 0.0666666666666667
104 62 0.379310344827586
105 62 0.333333333333333
106 62 0.319148936170213
107 62 0.0476190476190476
108 62 0.648648648648649
109 62 0.0154320987654321
110 62 0.142857142857143
111 62 0.0188679245283019
3 63 0.0380658436213992
4 63 0.961513790891597
6 63 0.857142857142857
9 63 0.837115361767851
11 63 0.8
12 63 0.872340425531915
13 63 0.43956043956044
14 63 0.375
17 63 0.0617283950617284
18 63 0.339566783441062
20 63 0.313333333333333
22 63 0.922558922558923
23 63 0.298507462686567
24 63 0.672
26 63 0.484612228149364
30 63 0.185185185185185
31 63 0.75
33 63 0.439613526570048
34 63 0.267441860465116
35 63 0.0484720758693361
41 63 0.5
42 63 0.328703703703704
43 63 0.527777777777778
44 63 0.588235294117647
45 63 1.0
47 63 0.0730452674897119
48 63 0.586206896551724
49 63 0.208413793103448
50 63 0.483870967741935
51 63 1.0
52 63 0.318181818181818
53 63 0.0133744855967078
56 63 0.75
58 63 0.459770114942529
59 63 0.352380952380952
63 63 0.359375
64 63 0.53125
65 63 0.873015873015873
68 63 1.0
70 63 0.960666666666667
71 63 0.130434782608696
72 63 0.355400696864112
74 63 0.676
76 63 0.0308641975308642
77 63 0.581818181818182
79 63 0.8
81 63 0.26453488372093
82 63 0.816666666666667
83 63 0.7695
84 63 0.429951690821256
85 63 1.0
87 63 0.0986601705237515
88 63 0.675
89 63 0.369565217391304
90 63 0.363636363636364
91 63 0.154623547246084
92 63 0.00861266294227188
93 63 0.072928821470245
94 63 0.481481481481481
95 63 0.688888888888889
97 63 0.735294117647059
99 63 0.100105374077977
102 63 0.475495307612096
103 63 0.533333333333333
104 63 0.672413793103448
105 63 1.0
106 63 0.734042553191489
107 63 0.314285714285714
108 63 0.540540540540541
109 63 0.0257201646090535
110 63 0.428571428571429
111 63 0.660377358490566
3 64 0.0380658436213992
4 64 0.228992944194997
6 64 0.857142857142857
9 64 0.896637756920518
11 64 0.5
12 64 0.960106382978723
13 64 0.43956043956044
14 64 0.375
17 64 0.0617283950617284
18 64 0.903044357823062
20 64 0.313333333333333
22 64 0.895622895622896
23 64 0.298507462686567
24 64 0.672
26 64 0.484612228149364
30 64 0.185185185185185
31 64 0.625
33 64 0.439613526570048
34 64 0.267441860465116
35 64 0.951527924130664
41 64 0.5
42 64 0.328703703703704
43 64 0.527777777777778
44 64 0.925133689839572
45 64 0.5
47 64 0.958847736625514
48 64 0.586206896551724
49 64 0.208413793103448
50 64 0.483870967741935
51 64 0.994152046783626
52 64 0.977272727272727
53 64 0.986625514403292
55 64 0.4
56 64 0.25
58 64 0.770114942528736
59 64 0.647619047619048
63 64 0.359375
64 64 0.53125
65 64 0.873015873015873
67 64 0.989473684210526
68 64 0.5
70 64 0.961666666666667
71 64 0.869565217391304
72 64 0.644599303135889
74 64 0.668666666666667
76 64 0.994855967078189
77 64 0.745454545454545
79 64 0.5
81 64 0.26453488372093
82 64 0.75
83 64 0.7695
84 64 0.429951690821256
85 64 0.5
87 64 0.0986601705237515
88 64 0.65
89 64 0.369565217391304
90 64 0.363636363636364
91 64 0.154623547246084
93 64 0.978704784130688
94 64 0.481481481481481
95 64 0.644444444444444
97 64 0.735294117647059
99 64 0.100105374077977
102 64 0.524504692387904
103 64 0.533333333333333
104 64 0.879310344827586
105 64 1.0
106 64 0.723404255319149
107 64 0.314285714285714
108 64 0.945945945945946
109 64 0.997942386831276
110 64 1.0
111 64 0.584905660377358
12 66 0.0718085106382979
35 66 0.0200210748155954
45 66 0.5
71 66 0.0434782608695652
76 66 0.0318930041152263
109 66 0.0195473251028807
3 67 0.0380658436213992
6 67 0.263333333333333
9 67 0.827848402043483
11 67 0.6
12 67 0.11968085106383
13 67 0.549450549450549
14 67 0.375
17 67 0.0617283950617284
18 67 0.603295998421079
20 67 0.313333333333333
22 67 0.727272727272727
23 67 0.283582089552239
24 67 0.256666666666667
26 67 0.0
30 67 0.259259259259259
31 67 0.546875
33 67 0.386473429951691
34 67 0.27906976744186
35 67 0.0221285563751317
41 67 0.268518518518519
42 67 0.365740740740741
43 67 0.0833333333333333
44 67 0.128342245989305
45 67 0.5
47 67 0.0473251028806584
48 67 0.586206896551724
49 67 0.154344827586207
50 67 0.290322580645161
51 67 0.994152046783626
52 67 0.181818181818182
53 67 0.0133744855967078
55 67 0.0384615384615385
56 67 0.5
58 67 0.141065830721003
59 67 0.40952380952381
63 67 0.09375
64 67 0.28125
65 67 0.265512265512266
68 67 0.5
70 67 0.702166666666667
71 67 0.58695652173913
72 67 0.142857142857143
74 67 0.246666666666667
76 67 0.0298353909465021
77 67 0.454545454545455
79 67 0.4
81 67 0.32594476744186
82 67 0.8
83 67 0.6
84 67 0.285024154589372
85 67 0.5
87 67 0.0669914738124239
88 67 0.65
89 67 0.382608695652174
90 67 0.153846153846154
91 67 0.0555836280949975
93 67 0.088389731621937
94 67 0.407407407407407
95 67 0.311111111111111
97 67 0.598039215686274
99 67 0.0948366701791359
102 67 0.032325338894682
103 67 0.4
104 67 0.637931034482759
105 67 1.0
106 67 0.531914893617021
107 67 0.176190476190476
108 67 0.918918918918919
109 67 0.0987654320987654
110 67 0.285714285714286
111 67 0.339622641509434
1 68 0.5
3 68 0.00925925925925926
4 68 0.0551635663887107
5 68 0.0363636363636364
6 68 0.05
7 68 0.875
8 68 0.118181818181818
9 68 0.65926101936557
10 68 0.132400339270568
11 68 0.4
12 68 0.0611702127659574
13 68 0.450549450549451
14 68 0.227272727272727
16 68 0.428549311038861
17 68 0.0277777777777778
18 68 0.247545270636996
20 68 0.293333333333333
21 68 0.3
22 68 0.154882154882155
23 68 0.298507462686567
24 68 0.147333333333333
25 68 0.445454545454545
26 68 0.0
28 68 0.0545454545454545
30 68 0.407407407407407
31 68 0.265625
33 68 0.164251207729469
34 68 0.302325581395349
35 68 0.0189673340358272
36 68 0.82942116776039
37 68 0.5
41 68 0.30787037037037
42 68 0.395833333333333
43 68 0.0601851851851852
44 68 0.0160427807486631
45 68 0.5
46 68 0.5
47 68 0.00308641975308642
48 68 0.689655172413793
49 68 6.89655172413793e-05
50 68 0.193548387096774
51 68 1.0
52 68 0.113636363636364
53 68 0.0205761316872428
54 68 0.235507246376812
55 68 0.0384615384615385
56 68 0.25
57 68 0.445454545454545
58 68 0.0512016718913271
59 68 0.0857142857142857
63 68 0.109375
64 68 0.0625
65 68 0.0274170274170274
66 68 0.1
68 68 0.5
69 68 0.142857142857143
70 68 0.142833333333333
71 68 0.130434782608696
72 68 0.0209059233449477
73 68 0.5
74 68 0.154666666666667
75 68 0.1
76 68 0.0277777777777778
77 68 0.418181818181818
79 68 0.4
80 68 0.5
81 68 0.0723110465116279
82 68 0.683333333333333
83 68 0.1205
84 68 0.193236714975845
85 68 0.5
87 68 0.0280146163215591
88 68 0.125
89 68 0.260869565217391
90 68 0.0839160839160839
91 68 0.00909550277918141
93 68 0.0072928821470245
94 68 0.234567901234568
95 68 0.111111111111111
96 68 0.133333333333333
97 68 0.57843137254902
99 68 0.0326659641728135
101 68 0.5
102 68 0.0333680917622523
103 68 0.0
104 68 0.241379310344828
105 68 0.333333333333333
106 68 0.319148936170213
107 68 0.0571428571428571
108 68 0.648648648648649
109 68 0.0185185185185185
110 68 0.142857142857143
111 68 0.0566037735849057
14 69 0.329545454545455
17 69 0.0648148148148148
20 69 0.313333333333333
26 69 0.0
33 69 0.36231884057971
34 69 0.302325581395349
35 69 0.0263435194942044
41 69 0.368055555555556
42 69 0.412037037037037
43 69 0.0416666666666667
45 69 1.0
50 69 0.354838709677419
53 69 0.0133744855967078
56 69 0.75
59 69 0.19047619047619
64 69 0.3125
68 69 1.0
71 69 0.152173913043478
72 69 0.0557491289198606
84 69 0.352657004830918
85 69 1.0
89 69 0.378260869565217
90 69 0.20979020979021
91 69 0.0808489135927236
94 69 0.345679012345679
99 69 0.106427818756586
102 69 0.0448383733055266
103 69 0.4
105 69 1.0
107 69 0.166666666666667
12 70 0.0984042553191489
35 70 0.0200210748155954
45 70 1.0
71 70 0.0652173913043478
38 71 0.716
39 71 0.391294227188082
60 71 0.247206703910615
62 71 0.157355679702048
92 71 0.0351489757914339
98 71 0.0602886405959032
3 72 0.0380658436213992
6 72 0.857142857142857
9 72 0.896637756920518
11 72 0.5
12 72 0.973404255319149
13 72 0.43956043956044
14 72 0.375
17 72 0.0617283950617284
20 72 0.313333333333333
22 72 0.895622895622896
23 72 0.82089552238806
24 72 0.672
26 72 0.515387771850636
30 72 0.185185185185185
31 72 0.625
33 72 0.560386473429952
34 72 0.267441860465116
35 72 0.951527924130664
41 72 0.5
42 72 0.328703703703704
43 72 0.472222222222222
44 72 0.925133689839572
45 72 1.0
47 72 0.0730452674897119
48 72 1.0
49 72 0.999103448275862
50 72 0.516129032258065
51 72 1.0
52 72 0.704545454545455
53 72 0.0133744855967078
56 72 0.75
58 72 0.770114942528736
59 72 0.352380952380952
63 72 0.359375
64 72 0.46875
65 72 0.851370851370851
68 72 1.0
70 72 0.962
71 72 0.130434782608696
72 72 0.355400696864112
74 72 0.655333333333333
76 72 0.0308641975308642
77 72 0.581818181818182
79 72 0.5
81 72 0.26453488372093
82 72 0.8
83 72 0.8015
84 72 0.570048309178744
85 72 1.0
87 72 0.0986601705237515
88 72 0.65
89 72 0.369565217391304
90 72 0.636363636363636
91 72 0.845376452753916
93 72 0.072928821470245
94 72 0.518518518518518
95 72 0.644444444444444
97 72 0.735294117647059
99 72 0.899894625922023
102 72 0.475495307612096
103 72 0.533333333333333
104 72 0.827586206896552
105 72 1.0
106 72 0.734042553191489
107 72 0.314285714285714
108 72 0.540540540540541
109 72 0.0257201646090535
110 72 0.428571428571429
111 72 0.584905660377358
14 73 0.170454545454545
17 73 0.0390946502057613
20 73 0.276666666666667
26 73 0.000820681165367255
33 73 0.169082125603865
34 73 0.616279069767442
35 73 0.0158061116965227
41 73 0.377314814814815
42 73 0.587962962962963
43 73 0.0462962962962963
45 73 1.0
50 73 0.370967741935484
53 73 0.0226337448559671
56 73 0.0
59 73 0.285714285714286
64 73 0.1875
68 73 1.0
71 73 0.108695652173913
72 73 0.0313588850174216
84 73 0.164251207729469
85 73 1.0
89 73 0.269565217391304
90 73 0.300699300699301
91 73 0.0490146538655887
94 73 0.172839506172839
99 73 0.0410958904109589
102 73 0.02711157455683
103 73 0.0
105 73 0.333333333333333
107 73 0.0428571428571429
43 74 0.523148148148148
92 74 0.0109404096834264
103 74 0.733333333333333
111 74 0.547169811320755
3 75 0.0133744855967078
6 75 0.162380952380952
9 75 0.508257098728763
11 75 0.6
12 75 0.231382978723404
13 75 0.428571428571429
14 75 0.181818181818182
17 75 0.0246913580246914
18 75 0.245522277594119
20 75 0.293333333333333
22 75 0.407407407407407
23 75 0.283582089552239
24 75 0.274666666666667
26 75 0.0
30 75 0.185185185185185
31 75 0.40625
33 75 0.115942028985507
34 75 0.302325581395349
35 75 0.0136986301369863
41 75 0.333333333333333
42 75 0.328703703703704
43 75 0.0277777777777778
44 75 0.245989304812834
45 75 1.0
47 75 0.00720164609053498
48 75 0.586206896551724
49 75 0.00220689655172414
50 75 0.225806451612903
51 75 1.0
52 75 0.136363636363636
53 75 0.0174897119341564
56 75 0.75
58 75 0.0783699059561129
59 75 0.0952380952380952
63 75 0.109375
64 75 0.1875
65 75 0.102453102453102
68 75 1.0
70 75 0.368166666666667
71 75 0.108695652173913
72 75 0.285714285714286
74 75 0.284666666666667
76 75 0.0267489711934156
77 75 0.581818181818182
79 75 0.6
81 75 0.105741279069767
82 75 0.816666666666667
83 75 0.2095
84 75 0.178743961352657
85 75 1.0
87 75 0.0389768574908648
88 75 0.425
89 75 0.243478260869565
90 75 0.293706293706294
91 75 0.0768064679130874
92 75 0.00837988826815642
93 75 0.0131271878646441
94 75 0.209876543209877
95 75 0.111111111111111
97 75 0.666666666666667
99 75 0.0273972602739726
102 75 0.0573514077163712
103 75 0.0
104 75 0.310344827586207
105 75 0.333333333333333
106 75 0.468085106382979
107 75 0.0523809523809524
108 75 0.540540540540541
109 75 0.0164609053497942
110 75 0.428571428571429
111 75 0.0754716981132075
3 76 0.0380658436213992
4 76 0.418216805644644
6 76 0.604761904761905
9 76 0.824284186764881
11 76 0.8
12 76 0.25531914893617
13 76 0.43956043956044
14 76 0.375
17 76 0.0617283950617284
18 76 0.339566783441062
20 76 0.313333333333333
22 76 0.875420875420875
23 76 0.253731343283582
24 76 0.672
26 76 0.000820681165367255
30 76 0.185185185185185
31 76 0.75
33 76 0.198067632850242
34 76 0.27906976744186
35 76 0.0484720758693361
41 76 0.277777777777778
42 76 0.328703703703704
43 76 0.0277777777777778
44 76 0.588235294117647
45 76 0.5
47 76 0.0730452674897119
48 76 0.586206896551724
49 76 0.208413793103448
50 76 0.483870967741935
51 76 1.0
52 76 0.318181818181818
53 76 0.0133744855967078
55 76 0.0923076923076923
56 76 0.75
58 76 0.459770114942529
59 76 0.352380952380952
63 76 0.359375
64 76 0.3125
65 76 0.637806637806638
68 76 0.5
70 76 0.960666666666667
71 76 0.130434782608696
72 76 0.355400696864112
74 76 0.567333333333333
76 76 0.0308641975308642
77 76 0.581818181818182
79 76 0.8
81 76 0.26453488372093
82 76 0.816666666666667
83 76 0.7695
84 76 0.217391304347826
85 76 0.5
86 76 0.395700811581487
87 76 0.0986601705237515
88 76 0.675
89 76 0.369565217391304
90 76 0.314685314685315
91 76 0.154623547246084
92 76 0.00861266294227188
93 76 0.072928821470245
94 76 0.481481481481481
95 76 0.688888888888889
97 76 0.735294117647059
99 76 0.100105374077977
102 76 0.129301355578728
103 76 0.0
104 76 0.637931034482759
105 76 0.333333333333333
106 76 0.734042553191489
107 76 0.314285714285714
108 76 0.486486486486487
109 76 0.0257201646090535
110 76 0.428571428571429
111 76 0.660377358490566
19 77 0.638926538357278
38 77 0.535333333333333
98 78 0.0242085661080074
35 80 0.0305584826132771
45 80 0.5
71 80 0.0434782608695652
3 81 0.0380658436213992
4 81 0.961513790891597
6 81 0.857142857142857
9 81 0.896637756920518
11 81 0.5
12 81 0.973404255319149
13 81 0.43956043956044
14 81 0.375
17 81 0.0617283950617284
18 81 0.339566783441062
20 81 0.313333333333333
22 81 0.895622895622896
23 81 0.82089552238806
24 81 0.672
26 81 0.515387771850636
30 81 0.185185185185185
31 81 0.625
33 81 0.560386473429952
34 81 0.267441860465116
35 81 0.951527924130664
41 81 0.5
42 81 0.328703703703704
43 81 0.472222222222222
44 81 0.925133689839572
45 81 1.0
47 81 0.0730452674897119
48 81 1.0
49 81 0.999103448275862
50 81 0.516129032258065
51 81 1.0
52 81 0.704545454545455
53 81 0.0133744855967078
56 81 0.75
58 81 0.770114942528736
59 81 0.352380952380952
63 81 0.359375
64 81 0.46875
65 81 0.851370851370851
68 81 1.0
70 81 0.962
71 81 0.130434782608696
72 81 0.355400696864112
74 81 0.655333333333333
76 81 0.0308641975308642
77 81 0.581818181818182
79 81 0.5
81 81 0.26453488372093
82 81 0.8
83 81 0.8015
84 81 0.570048309178744
85 81 1.0
87 81 0.0986601705237515
88 81 0.65
89 81 0.369565217391304
90 81 0.636363636363636
91 81 0.845376452753916
92 81 0.00861266294227188
93 81 0.072928821470245
94 81 0.518518518518518
95 81 0.644444444444444
97 81 0.735294117647059
99 81 0.899894625922023
102 81 0.475495307612096
103 81 0.533333333333333
104 81 0.827586206896552
105 81 1.0
106 81 0.734042553191489
107 81 0.314285714285714
108 81 0.540540540540541
109 81 0.0257201646090535
110 81 0.428571428571429
111 81 0.584905660377358
92 83 0.00861266294227188
43 84 0.546296296296296
92 84 0.0137337057728119
103 84 0.733333333333333
111 84 0.547169811320755
43 85 0.576388888888889
92 85 0.0682029795158287
103 85 0.733333333333333
111 85 0.547169811320755
3 86 0.01440329218107
6 86 0.101904761904762
9 86 0.400855411666865
11 86 0.8
12 86 0.127659574468085
13 86 0.406593406593407
14 86 0.170454545454545
17 86 0.0226337448559671
18 86 0.209404450584694
20 86 0.303333333333333
22 86 0.276094276094276
23 86 0.223880597014925
24 86 0.238666666666667
26 86 0.0
30 86 0.185185185185185
31 86 0.265625
33 86 0.111111111111111
34 86 0.22093023255814
35 86 0.0136986301369863
41 86 0.25
42 86 0.328703703703704
43 86 0.0277777777777778
44 86 0.219251336898396
45 86 1.0
47 86 0.00720164609053498
48 86 0.586206896551724
49 86 0.00117241379310345
50 86 0.354838709677419
51 86 1.0
52 86 0.204545454545455
53 86 0.0133744855967078
56 86 0.75
58 86 0.0553814002089864
59 86 0.152380952380952
63 86 0.109375
64 86 0.0625
65 86 0.051948051948052
68 86 1.0
70 86 0.237166666666667
71 86 0.195652173913043
72 86 0.348432055749129
74 86 0.254
76 86 0.0308641975308642
77 86 0.581818181818182
79 86 0.8
81 86 0.0788517441860465
82 86 0.816666666666667
83 86 0.1675
84 86 0.130434782608696
85 86 1.0
87 86 0.0286236297198538
88 86 0.35
89 86 0.265217391304348
90 86 0.13986013986014
91 86 0.0424456796361799
92 86 0.00814711359404097
93 86 0.0116686114352392
94 86 0.209876543209877
95 86 0.111111111111111
97 86 0.647058823529412
99 86 0.0379346680716544
102 86 0.0208550573514077
103 86 0.0
104 86 0.275862068965517
105 86 0.333333333333333
106 86 0.478723404255319
107 86 0.0714285714285714
108 86 0.540540540540541
109 86 0.0195473251028807
110 86 0.571428571428571
111 86 0.113207547169811
15 87 0.719512195121951
35 88 0.029504741833509
45 88 0.5
49 88 0.0495172413793103
19 89 0.9878015722418
38 89 0.716666666666667
3 90 0.0380658436213992
6 90 0.857142857142857
9 90 0.715100392063681
11 90 0.8
12 90 0.872340425531915
13 90 0.43956043956044
14 90 0.375
17 90 0.0617283950617284
18 90 0.267873883653229
20 90 0.313333333333333
22 90 0.922558922558923
23 90 0.298507462686567
24 90 0.192
26 90 0.0172343044727124
30 90 0.185185185185185
31 90 0.75
33 90 0.439613526570048
34 90 0.267441860465116
35 90 0.0326659641728135
41 90 0.5
42 90 0.328703703703704
43 90 0.527777777777778
44 90 0.588235294117647
45 90 1.0
47 90 0.01440329218107
48 90 0.586206896551724
49 90 0.00241379310344828
50 90 0.483870967741935
51 90 1.0
52 90 0.318181818181818
53 90 0.0133744855967078
56 90 0.75
58 90 0.12957157784744
59 90 0.352380952380952
63 90 0.359375
64 90 0.53125
65 90 0.152958152958153
68 90 1.0
70 90 0.299166666666667
71 90 0.130434782608696
72 90 0.355400696864112
74 90 0.192
76 90 0.0288065843621399
77 90 0.581818181818182
79 90 0.8
81 90 0.123546511627907
82 90 0.816666666666667
83 90 0.1815
84 90 0.429951690821256
85 90 1.0
87 90 0.0456760048721072
88 90 0.675
89 90 0.369565217391304
90 90 0.363636363636364
91 90 0.116725618999495
92 90 0.00931098696461825
93 90 0.0131271878646441
94 90 0.481481481481481
95 90 0.688888888888889
97 90 0.735294117647059
99 90 0.100105374077977
102 90 0.223149113660063
103 90 0.533333333333333
104 90 0.672413793103448
105 90 1.0
106 90 0.734042553191489
107 90 0.314285714285714
108 90 0.540540540540541
109 90 0.0360082304526749
110 90 0.428571428571429
111 90 0.660377358490566
3 91 0.0401234567901235
6 91 0.725238095238095
9 91 0.780563146014019
11 91 0.6
12 91 0.220744680851064
13 91 0.43956043956044
14 91 0.227272727272727
17 91 0.137860082304527
18 91 0.483544678541471
20 91 0.303333333333333
22 91 0.777777777777778
23 91 0.298507462686567
24 91 0.654666666666667
26 91 0.00820681165367255
30 91 0.407407407407407
31 91 0.640625
33 91 0.265700483091787
34 91 0.441860465116279
35 91 0.131717597471022
41 91 0.263888888888889
42 91 0.453703703703704
43 91 0.037037037037037
44 91 0.588235294117647
45 91 0.5
47 91 0.0761316872427984
48 91 0.655172413793103
49 91 0.195931034482759
50 91 0.483870967741935
51 91 1.0
52 91 0.318181818181818
53 91 0.0637860082304527
55 91 0.0923076923076923
56 91 0.25
58 91 0.0574712643678161
59 91 0.352380952380952
63 91 0.359375
64 91 0.21875
65 91 0.705627705627706
67 91 0.695321637426901
68 91 0.5
70 91 0.954166666666667
71 91 0.130434782608696
72 91 0.268292682926829
74 91 0.618666666666667
76 91 0.0679012345679012
77 91 0.490909090909091
79 91 0.6
81 91 0.26453488372093
82 91 0.8
83 91 0.7695
84 91 0.29951690821256
85 91 0.5
87 91 0.0986601705237515
88 91 0.65
89 91 0.38695652173913
90 91 0.321678321678322
91 91 0.166245578575038
93 91 0.0746791131855309
94 91 0.333333333333333
95 91 0.688888888888889
97 91 0.745098039215686
99 91 0.198103266596417
102 91 0.180396246089677
103 91 0.0
104 91 0.551724137931034
105 91 0.333333333333333
106 91 0.734042553191489
107 91 0.314285714285714
108 91 0.540540540540541
109 91 0.0277777777777778
110 91 0.428571428571429
111 91 0.660377358490566
3 92 0.0380658436213992
6 92 0.857142857142857
9 92 0.783295711060948
11 92 0.5
12 92 0.845744680851064
13 92 0.43956043956044
14 92 0.375
17 92 0.0617283950617284
20 92 0.313333333333333
22 92 0.821548821548822
23 92 0.656716417910448
24 92 0.672
26 92 0.515387771850636
30 92 0.185185185185185
31 92 0.546875
33 92 0.560386473429952
34 92 0.267441860465116
35 92 0.951527924130664
41 92 0.5
42 92 0.328703703703704
43 92 0.472222222222222
44 92 0.925133689839572
45 92 1.0
47 92 0.0730452674897119
48 92 1.0
49 92 0.207655172413793
50 92 0.516129032258065
51 92 1.0
52 92 0.659090909090909
53 92 0.0133744855967078
56 92 0.75
58 92 0.660397074190178
59 92 0.352380952380952
63 92 0.359375
64 92 0.46875
65 92 0.724386724386724
68 92 1.0
70 92 0.952166666666667
71 92 0.130434782608696
72 92 0.355400696864112
74 92 0.632666666666667
76 92 0.0308641975308642
77 92 0.581818181818182
79 92 0.5
81 92 0.26453488372093
82 92 0.8
83 92 0.8055
84 92 0.570048309178744
85 92 1.0
87 92 0.0986601705237515
88 92 0.525
89 92 0.369565217391304
90 92 0.636363636363636
91 92 0.845376452753916
93 92 0.072928821470245
94 92 0.518518518518518
95 92 0.333333333333333
97 92 0.735294117647059
99 92 0.899894625922023
102 92 0.475495307612096
103 92 0.533333333333333
104 92 0.53448275862069
105 92 1.0
106 92 0.734042553191489
107 92 0.314285714285714
108 92 0.540540540540541
109 92 0.0257201646090535
110 92 0.428571428571429
111 92 0.584905660377358
6 93 0.666190476190476
8 93 0.527272727272727
12 93 0.547872340425532
16 93 0.367703978944109
18 93 0.407460403611783
22 93 0.717171717171717
35 93 0.0421496311907271
44 93 0.304812834224599
45 93 0.5
49 93 0.0817241379310345
52 93 0.272727272727273
58 93 0.429467084639498
65 93 0.333333333333333
66 93 0.609090909090909
70 93 0.313
76 93 0.0360082304526749
81 93 0.242369186046512
83 93 0.702
87 93 0.0475030450669915
91 93 0.154623547246084
92 93 0.0100093109869646
93 93 0.059218203033839
96 93 0.16
103 93 0.533333333333333
105 93 1.0
109 93 0.0277777777777778
19 94 0.642721604770941
3 95 0.01440329218107
6 95 0.139047619047619
9 95 0.339075680171082
11 95 0.8
12 95 0.175531914893617
13 95 0.417582417582418
14 95 0.204545454545455
17 95 0.0154320987654321
20 95 0.3
22 95 0.35016835016835
23 95 0.343283582089552
24 95 0.229333333333333
26 95 0.000410340582683627
30 95 0.185185185185185
31 95 0.40625
33 95 0.154589371980676
34 95 0.232558139534884
35 95 0.00948366701791359
41 95 0.0555555555555556
42 95 0.324074074074074
43 95 0.0277777777777778
44 95 0.262032085561497
45 95 1.0
47 95 0.0123456790123457
48 95 0.586206896551724
49 95 0.000689655172413793
50 95 0.225806451612903
51 95 1.0
52 95 0.204545454545455
53 95 0.0174897119341564
56 95 0.75
58 95 0.0512016718913271
59 95 0.0857142857142857
63 95 0.234375
64 95 0.21875
65 95 0.0490620490620491
68 95 1.0
70 95 0.185833333333333
71 95 0.130434782608696
72 95 0.0522648083623693
74 95 0.235333333333333
76 95 0.0329218106995885
77 95 0.472727272727273
79 95 0.8
81 95 0.0672238372093023
82 95 0.716666666666667
83 95 0.1485
84 95 0.154589371980676
85 95 1.0
87 95 0.0304506699147381
88 95 0.125
89 95 0.256521739130435
90 95 0.202797202797203
91 95 0.0601313794845882
93 95 0.00641773628938156
94 95 0.271604938271605
95 95 0.111111111111111
97 95 0.598039215686274
99 95 0.029504741833509
102 95 0.00938477580813347
103 95 0.0
104 95 0.344827586206897
105 95 1.0
106 95 0.446808510638298
107 95 0.0571428571428571
108 95 0.567567567567568
109 95 0.0133744855967078
110 95 0.428571428571429
111 95 0.0188679245283019
3 96 0.0524691358024691
4 96 0.0615779345734445
6 96 0.753333333333333
8 96 0.318181818181818
12 96 0.319148936170213
17 96 0.0648148148148148
20 96 0.32
24 96 0.151333333333333
26 96 0.00410340582683627
28 96 0.0818181818181818
33 96 0.14975845410628
35 96 0.0484720758693361
41 96 0.402777777777778
43 96 0.0462962962962963
44 96 0.13903743315508
45 96 0.5
47 96 0.0648148148148148
49 96 0.246275862068966
52 96 0.181818181818182
55 96 0.0230769230769231
56 96 0.0
63 96 0.359375
64 96 0.25
65 96 0.380952380952381
66 96 0.3
69 96 0.142857142857143
70 96 0.308333333333333
71 96 0.130434782608696
72 96 0.149825783972125
74 96 0.144666666666667
76 96 0.0576131687242798
81 96 0.255813953488372
83 96 0.294
86 96 0.42640930028515
87 96 0.647990255785627
91 96 0.272865083375442
92 96 0.0109404096834264
93 96 0.261376896149358
95 96 0.133333333333333
96 96 0.813333333333333
102 96 0.0500521376433785
103 96 0.0
105 96 0.333333333333333
107 96 0.0428571428571429
109 96 0.0257201646090535
110 96 0.142857142857143
111 96 0.132075471698113
19 98 0.651938194632692
38 98 0.520666666666667
1 99 1.0
3 99 0.0257201646090535
5 99 0.0636363636363636
6 99 0.0514285714285714
7 99 0.875
8 99 0.254545454545455
9 99 0.191279553285018
11 99 0.4
12 99 0.11436170212766
13 99 0.43956043956044
14 99 0.170454545454545
17 99 0.0113168724279835
20 99 0.31
21 99 0.2
22 99 0.0538720538720539
23 99 0.283582089552239
24 99 0.153333333333333
25 99 0.463636363636364
26 99 0.0
27 99 0.118518518518519
28 99 0.0363636363636364
30 99 0.222222222222222
31 99 0.3125
33 99 0.1256038647343
34 99 0.244186046511628
35 99 0.0105374077976818
37 99 1.0
41 99 0.00231481481481481
42 99 0.189814814814815
43 99 0.00462962962962963
44 99 0.133689839572193
45 99 1.0
46 99 1.0
47 99 0.00308641975308642
48 99 0.672413793103448
49 99 0.000482758620689655
50 99 0.0967741935483871
51 99 1.0
52 99 0.204545454545455
53 99 0.0123456790123457
54 99 0.228260869565217
56 99 0.75
57 99 0.463636363636364
58 99 0.0522466039707419
59 99 0.114285714285714
61 99 0.019047619047619
63 99 0.046875
64 99 0.21875
65 99 0.0216450216450216
66 99 0.236363636363636
68 99 1.0
69 99 0.142857142857143
70 99 0.0498333333333333
71 99 0.0434782608695652
72 99 0.024390243902439
73 99 1.0
74 99 0.144
75 99 0.172727272727273
76 99 0.0185185185185185
77 99 0.490909090909091
78 99 0.478494623655914
79 99 0.4
80 99 1.0
81 99 0.0457848837209302
82 99 0.616666666666667
83 99 0.0965
84 99 0.164251207729469
85 99 1.0
87 99 0.0225334957369062
88 99 0.275
89 99 0.226086956521739
90 99 0.0839160839160839
91 99 0.0252652854977261
93 99 0.014294049008168
94 99 0.172839506172839
95 99 0.0666666666666667
96 99 0.136666666666667
97 99 0.588235294117647
99 99 0.0210748155953635
101 99 1.0
102 99 0.00208550573514077
103 99 0.0
104 99 0.258620689655172
105 99 0.333333333333333
106 99 0.287234042553192
107 99 0.0523809523809524
108 99 0.621621621621622
109 99 0.0113168724279835
110 99 0.571428571428571
111 99 0.0377358490566038
3 100 0.227366255144033
6 100 0.714285714285714
9 100 0.828561245099204
11 100 0.5
12 100 0.797872340425532
13 100 0.461538461538462
14 100 0.227272727272727
17 100 0.268518518518519
18 100 0.527409088666305
20 100 0.47
22 100 0.922558922558923
23 100 0.462686567164179
24 100 0.37
26 100 0.272466146901929
30 100 0.592592592592593
31 100 0.71875
33 100 0.454106280193237
34 100 0.534883720930233
35 100 0.119072708113804
41 100 0.5
42 100 0.523148148148148
43 100 0.398148148148148
44 100 0.347593582887701
45 100 1.0
47 100 0.263374485596708
48 100 0.810344827586207
49 100 0.173655172413793
50 100 0.483870967741935
51 100 1.0
52 100 0.454545454545455
53 100 0.216049382716049
56 100 0.75
58 100 0.411703239289446
59 100 0.333333333333333
63 100 0.28125
64 100 0.34375
65 100 0.721500721500722
68 100 1.0
70 100 0.9465
71 100 0.304347826086957
72 100 0.407665505226481
74 100 0.374
76 100 0.223251028806584
77 100 0.472727272727273
79 100 0.5
81 100 0.49890988372093
82 100 0.85
83 100 0.6065
84 100 0.468599033816425
85 100 1.0
87 100 0.254567600487211
88 100 0.725
89 100 0.304347826086957
90 100 0.48951048951049
91 100 0.473976755937342
92 100 0.300512104283054
93 100 0.0971411901983664
94 100 0.234567901234568
95 100 0.333333333333333
97 100 0.735294117647059
99 100 0.164383561643836
102 100 0.504692387904067
103 100 0.0
104 100 0.603448275862069
105 100 1.0
106 100 0.648936170212766
107 100 0.0571428571428571
108 100 0.567567567567568
109 100 0.226337448559671
110 100 0.571428571428571
111 100 0.339622641509434
3 101 0.0380658436213992
4 101 0.961513790891597
6 101 0.844761904761905
9 101 0.815492455744327
11 101 0.7
12 101 0.957446808510638
13 101 0.43956043956044
14 101 0.375
17 101 0.0617283950617284
18 101 0.796713869837667
20 101 0.313333333333333
22 101 0.703703703703704
23 101 0.298507462686567
24 101 0.672
26 101 0.484612228149364
30 101 0.185185185185185
31 101 0.5
32 101 0.9812734082397
33 101 0.439613526570048
34 101 0.267441860465116
35 101 0.937829293993678
41 101 0.5
42 101 0.328703703703704
43 101 0.527777777777778
44 101 0.695187165775401
45 101 0.5
47 101 0.946502057613169
48 101 0.586206896551724
49 101 0.208413793103448
50 101 0.467741935483871
51 101 1.0
52 101 0.977272727272727
53 101 0.980452674897119
55 101 0.3
56 101 0.25
58 101 0.754440961337513
59 101 0.419047619047619
63 101 0.359375
64 101 0.53125
65 101 0.855699855699856
68 101 0.5
70 101 0.949
71 101 0.869565217391304
72 101 0.616724738675958
74 101 0.668666666666667
76 101 0.989711934156379
77 101 0.745454545454545
79 101 0.7
81 101 0.26453488372093
82 101 0.733333333333333
83 101 0.7695
84 101 0.429951690821256
85 101 0.5
87 101 0.0968331303288672
88 101 0.65
89 101 0.369565217391304
90 101 0.363636363636364
91 101 0.154623547246084
93 101 0.0907234539089848
94 101 0.481481481481481
95 101 0.333333333333333
97 101 0.715686274509804
99 101 0.100105374077977
102 101 0.524504692387904
103 101 0.533333333333333
104 101 0.879310344827586
105 101 1.0
106 101 0.723404255319149
107 101 0.314285714285714
108 101 0.945945945945946
109 101 0.995884773662551
110 101 1.0
111 101 0.584905660377358
103 102 0.533333333333333
12 103 0.154255319148936
35 103 0.831401475237092
45 103 0.5
76 103 0.875514403292181
109 103 0.89917695473251
3 104 0.257201646090535
4 104 0.202052597819115
6 104 0.231428571428571
9 104 0.810858975882143
11 104 0.2
12 104 0.156914893617021
13 104 0.549450549450549
14 104 0.170454545454545
17 104 0.578189300411523
18 104 0.469729116297429
20 104 0.343333333333333
22 104 0.397306397306397
23 104 0.313432835820896
24 104 0.416666666666667
26 104 0.0935576528518671
30 104 0.851851851851852
31 104 0.421875
33 104 0.188405797101449
34 104 0.255813953488372
35 104 0.100105374077977
41 104 0.298611111111111
42 104 0.462962962962963
43 104 0.0347222222222222
44 104 0.219251336898396
45 104 0.5
47 104 0.128600823045267
48 104 0.862068965517241
49 104 0.218620689655172
50 104 0.451612903225806
51 104 1.0
52 104 0.159090909090909
53 104 0.746913580246914
56 104 0.25
58 104 0.299895506792059
59 104 0.104761904761905
63 104 0.125
64 104 0.0625
65 104 0.204906204906205
68 104 0.5
70 104 0.389666666666667
71 104 0.282608695652174
72 104 0.289198606271777
74 104 0.436
76 104 0.667695473251029
77 104 0.418181818181818
79 104 0.2
81 104 0.791787790697674
82 104 0.683333333333333
83 104 0.296
84 104 0.193236714975845
85 104 0.5
87 104 0.130328867235079
88 104 0.35
89 104 0.330434782608696
90 104 0.160839160839161
91 104 0.197574532592218
92 104 0.0772811918063315
93 104 0.030046674445741
94 104 0.185185185185185
95 104 0.0666666666666667
97 104 0.813725490196078
99 104 0.513171759747102
102 104 0.185610010427529
103 104 0.0666666666666667
104 104 0.327586206896552
105 104 0.333333333333333
106 104 0.48936170212766
107 104 0.0904761904761905
108 104 0.837837837837838
109 104 0.103909465020576
110 104 0.142857142857143
111 104 0.0377358490566038
14 105 0.375
17 105 0.0617283950617284
20 105 0.313333333333333
26 105 0.0
33 105 0.338164251207729
34 105 0.27906976744186
35 105 0.0305584826132771
41 105 0.287037037037037
42 105 0.386574074074074
43 105 0.0277777777777778
45 105 0.5
50 105 0.354838709677419
53 105 0.0133744855967078
56 105 0.75
59 105 0.19047619047619
64 105 0.1875
68 105 0.5
71 105 0.130434782608696
72 105 0.0209059233449477
84 105 0.333333333333333
85 105 0.5
89 105 0.373913043478261
90 105 0.153846153846154
91 105 0.0798383021728146
94 105 0.481481481481481
99 105 0.100105374077977
102 105 0.0521376433785193
103 105 0.266666666666667
105 105 0.333333333333333
107 105 0.0476190476190476
3 106 0.0380658436213992
4 106 0.864656831302117
6 106 0.42
9 106 0.757752168230961
11 106 0.6
12 106 0.683510638297872
13 106 0.494505494505495
14 106 0.159090909090909
17 106 0.0401234567901235
18 106 0.33616223417378
20 106 0.35
22 106 0.666666666666667
23 106 0.343283582089552
24 106 0.445333333333333
26 106 0.115716044316783
30 106 0.222222222222222
31 106 0.46875
33 106 0.120772946859903
34 106 0.290697674418605
35 106 0.029504741833509
39 106 0.340782122905028
40 106 0.330307262569832
41 106 0.25
42 106 0.328703703703704
43 106 0.194444444444444
44 106 0.385026737967914
45 106 1.0
47 106 0.0390946502057613
48 106 0.637931034482759
49 106 0.0537241379310345
50 106 0.32258064516129
51 106 1.0
52 106 0.204545454545455
53 106 0.0133744855967078
56 106 0.75
58 106 0.363636363636364
59 106 0.133333333333333
60 106 0.180633147113594
62 106 0.0914804469273743
63 106 0.109375
64 106 0.21875
65 106 0.369408369408369
68 106 1.0
70 106 0.828333333333333
71 106 0.108695652173913
72 106 0.278745644599303
74 106 0.467333333333333
76 106 0.0298353909465021
77 106 0.509090909090909
79 106 0.6
81 106 0.215843023255814
82 106 0.733333333333333
83 106 0.412
84 106 0.144927536231884
85 106 1.0
87 106 0.0602923264311815
88 106 0.5
89 106 0.247826086956522
90 106 0.356643356643357
91 106 0.0980293077311774
92 106 0.00814711359404097
93 106 0.0393815635939323
94 106 0.259259259259259
95 106 0.111111111111111
97 106 0.725490196078431
99 106 0.0600632244467861
102 106 0.327424400417101
103 106 0.0
104 106 0.448275862068966
105 106 1.0
106 106 0.48936170212766
107 106 0.0904761904761905
108 106 0.702702702702703
109 106 0.0329218106995885
110 106 0.571428571428571
111 106 0.207547169811321
19 107 0.923827595554351
38 107 0.703333333333333
3 108 0.0380658436213992
4 108 0.961513790891597
6 108 0.857142857142857
9 108 0.896637756920518
11 108 0.5
12 108 0.973404255319149
13 108 0.43956043956044
14 108 0.375
17 108 0.0617283950617284
18 108 0.339566783441062
20 108 0.313333333333333
22 108 0.895622895622896
23 108 0.82089552238806
24 108 0.672
26 108 0.515387771850636
30 108 0.185185185185185
31 108 0.625
33 108 0.560386473429952
34 108 0.267441860465116
35 108 0.951527924130664
41 108 0.5
42 108 0.328703703703704
43 108 0.472222222222222
44 108 0.925133689839572
45 108 1.0
47 108 0.0730452674897119
48 108 1.0
49 108 0.999103448275862
50 108 0.516129032258065
51 108 1.0
52 108 0.704545454545455
53 108 0.0133744855967078
56 108 0.75
58 108 0.770114942528736
59 108 0.352380952380952
63 108 0.359375
64 108 0.46875
65 108 0.851370851370851
68 108 1.0
70 108 0.962
71 108 0.130434782608696
72 108 0.355400696864112
74 108 0.655333333333333
76 108 0.0308641975308642
77 108 0.581818181818182
79 108 0.5
81 108 0.26453488372093
82 108 0.8
83 108 0.8015
84 108 0.570048309178744
85 108 1.0
87 108 0.0986601705237515
88 108 0.65
89 108 0.369565217391304
90 108 0.636363636363636
91 108 0.845376452753916
93 108 0.072928821470245
94 108 0.518518518518518
95 108 0.644444444444444
97 108 0.735294117647059
99 108 0.899894625922023
102 108 0.475495307612096
103 108 0.533333333333333
104 108 0.827586206896552
105 108 1.0
106 108 0.734042553191489
107 108 0.314285714285714
108 108 0.540540540540541
109 108 0.0257201646090535
110 108 0.428571428571429
111 108 0.584905660377358
12 109 0.0718085106382979
35 109 0.0200210748155954
45 109 0.5
49 109 0.0738620689655172
76 109 0.0318930041152263
89 109 0.239130434782609
109 109 0.0195473251028807
96 110 0.223333333333333
12 111 0.960106382978723
35 111 0.0558482613277134
45 111 0.5
49 111 0.540689655172414
71 111 0.130434782608696
76 111 0.13477366255144
109 111 0.418724279835391
3 113 0.0411522633744856
6 113 0.140952380952381
11 113 0.7
12 113 0.111702127659574
13 113 0.406593406593407
14 113 0.147727272727273
17 113 0.0617283950617284
20 113 0.326666666666667
22 113 0.185185185185185
23 113 0.402985074626866
24 113 0.141333333333333
26 113 0.00328272466146902
30 113 0.185185185185185
31 113 0.390625
33 113 0.241545893719807
34 113 0.313953488372093
35 113 0.0484720758693361
41 113 0.203703703703704
42 113 0.388888888888889
43 113 0.0277777777777778
44 113 0.128342245989305
45 113 1.0
47 113 0.0730452674897119
48 113 0.775862068965517
49 113 0.018551724137931
50 113 0.225806451612903
52 113 0.0909090909090909
53 113 0.0133744855967078
56 113 0.25
58 113 0.0522466039707419
59 113 0.152380952380952
63 113 0.015625
64 113 0.21875
65 113 0.125541125541126
68 113 1.0
71 113 0.173913043478261
72 113 0.313588850174216
74 113 0.132
76 113 0.0308641975308642
77 113 0.436363636363636
79 113 0.7
82 113 0.716666666666667
83 113 0.1535
84 113 0.21256038647343
85 113 1.0
87 113 0.0572472594397077
88 113 0.275
89 113 0.31304347826087
90 113 0.188811188811189
91 113 0.123294593228903
93 113 0.0638856476079347
94 113 0.197530864197531
95 113 0.0888888888888889
99 113 0.100105374077977
102 113 0.29614181438999
103 113 0.0
104 113 0.431034482758621
105 113 0.333333333333333
106 113 0.319148936170213
107 113 0.0476190476190476
108 113 0.675675675675676
109 113 0.0257201646090535
110 113 0.428571428571429
111 113 0.0566037735849057
26 114 0.0139515798112433
45 114 1.0
49 114 0.000896551724137931
91 114 0.154623547246084
92 114 0.00861266294227188
3 115 0.0380658436213992
4 115 0.288005131494548
6 115 0.235714285714286
9 115 0.896637756920518
11 115 0.6
12 115 0.140957446808511
13 115 0.43956043956044
14 115 0.340909090909091
17 115 0.0617283950617284
18 115 0.339566783441062
20 115 0.313333333333333
22 115 0.62962962962963
23 115 0.582089552238806
24 115 0.527333333333333
26 115 0.171112022979073
30 115 0.185185185185185
31 115 0.40625
33 115 0.560386473429952
34 115 0.27906976744186
35 115 0.0958904109589041
39 115 0.44366852886406
40 115 0.312849162011173
41 115 0.5
42 115 0.328703703703704
43 115 0.472222222222222
44 115 0.925133689839572
45 115 0.5
47 115 0.0668724279835391
48 115 0.620689655172414
49 115 0.00241379310344828
50 115 0.467741935483871
51 115 1.0
52 115 0.681818181818182
53 115 0.0133744855967078
56 115 0.75
58 115 0.640543364681296
59 115 0.171428571428571
60 115 0.182029795158287
62 115 0.0870577281191806
63 115 0.140625
64 115 0.34375
65 115 0.184704184704185
68 115 0.5
70 115 0.8005
71 115 0.108695652173913
72 115 0.355400696864112
74 115 0.458
76 115 0.0308641975308642
77 115 0.581818181818182
79 115 0.6
81 115 0.244186046511628
82 115 0.783333333333333
83 115 0.5215
84 115 0.570048309178744
85 115 0.5
87 115 0.0767356881851401
88 115 0.325
89 115 0.352173913043478
90 115 0.146853146853147
91 115 0.160687215765538
92 115 0.00791433891992551
93 115 0.0647607934655776
94 115 0.518518518518518
95 115 0.0888888888888889
97 115 0.735294117647059
99 115 0.499473129610116
102 115 0.460896767466111
103 115 0.0
104 115 0.46551724137931
105 115 0.333333333333333
106 115 0.521276595744681
107 115 0.10952380952381
108 115 0.567567567567568
109 115 0.0226337448559671
110 115 0.428571428571429
111 115 0.0377358490566038
19 116 1.0
38 116 0.83
39 116 0.340316573556797
40 116 0.330307262569832
60 116 0.18342644320298
62 116 0.0910148975791434
92 116 0.0104748603351955
98 116 0.0216480446927374
3 117 0.0432098765432099
6 117 0.123333333333333
11 117 0.3
12 117 0.111702127659574
13 117 0.681318681318681
14 117 0.295454545454545
17 117 0.0946502057613169
20 117 0.396666666666667
22 117 0.0101010101010101
23 117 0.343283582089552
24 117 0.224666666666667
26 117 0.0
30 117 0.481481481481481
31 117 0.359375
33 117 0.352657004830918
34 117 0.209302325581395
35 117 0.0168598524762908
41 117 0.25
42 117 0.240740740740741
43 117 0.1875
44 117 0.224598930481283
45 117 0.5
47 117 0.044238683127572
48 117 0.706896551724138
50 117 0.129032258064516
51 117 1.0
52 117 0.25
53 117 0.0205761316872428
55 117 0.0538461538461538
56 117 0.25
58 117 0.298850574712644
59 117 0.142857142857143
63 117 0.078125
64 117 0.375
65 117 0.0447330447330447
68 117 0.5
71 117 0.304347826086957
72 117 0.0
74 117 0.225333333333333
76 117 0.0421810699588477
77 117 0.563636363636364
79 117 0.3
80 117 0.5
81 117 0.240915697674419
82 117 0.733333333333333
83 117 0.1055
84 117 0.328502415458937
85 117 0.5
87 117 0.0420219244823386
88 117 0.275
89 117 0.347826086956522
90 117 0.216783216783217
93 117 0.0802217036172695
94 117 0.395061728395062
95 117 0.0888888888888889
97 117 0.676470588235294
99 117 0.114857744994731
102 117 0.158498435870699
103 117 0.0666666666666667
104 117 0.637931034482759
105 117 0.333333333333333
106 117 0.351063829787234
107 117 0.0380952380952381
108 117 0.72972972972973
109 117 0.0329218106995885
110 117 0.285714285714286
111 117 0.245283018867925
1 118 0.5
3 118 0.0390946502057613
5 118 0.0727272727272727
6 118 0.0833333333333333
7 118 0.875
9 118 0.458833313532137
11 118 0.6
12 118 0.106382978723404
13 118 0.472527472527473
14 118 0.170454545454545
17 118 0.0288065843621399
18 118 0.19450337987862
20 118 0.253333333333333
21 118 0.233333333333333
22 118 0.198653198653199
23 118 0.298507462686567
24 118 0.163333333333333
25 118 0.518181818181818
26 118 0.0
27 118 0.111111111111111
30 118 0.333333333333333
31 118 0.328125
33 118 0.173913043478261
34 118 0.27906976744186
35 118 0.0200210748155954
36 118 0.841634415839363
37 118 0.5
41 118 0.0
42 118 0.0
43 118 0.0648148148148148
44 118 0.101604278074866
45 118 0.5
46 118 0.5
47 118 0.0360082304526749
48 118 0.689655172413793
49 118 0.0023448275862069
50 118 0.161290322580645
52 118 0.204545454545455
53 118 0.0164609053497942
54 118 0.217391304347826
56 118 0.5
57 118 0.518181818181818
58 118 0.0459770114942529
59 118 0.104761904761905
61 118 0.0285714285714286
63 118 0.21875
64 118 0.15625
65 118 0.0346320346320346
68 118 0.5
69 118 0.142857142857143
70 118 0.1775
71 118 0.0434782608695652
72 118 0.0209059233449477
73 118 0.5
74 118 0.150666666666667
76 118 0.0298353909465021
77 118 0.4
78 118 0.551075268817204
79 118 0.6
80 118 0.5
81 118 0.17078488372093
82 118 0.75
83 118 0.1255
84 118 0.183574879227053
85 118 0.5
87 118 0.0426309378806334
88 118 0.325
89 118 0.239130434782609
90 118 0.0839160839160839
91 118 0.00252652854977261
93 118 0.0490081680280047
94 118 0.246913580246914
95 118 0.0888888888888889
97 118 0.617647058823529
99 118 0.0379346680716544
101 118 0.5
102 118 0.0072992700729927
103 118 0.0
104 118 0.431034482758621
105 118 0.333333333333333
106 118 0.340425531914894
107 118 0.0428571428571429
108 118 0.621621621621622
109 118 0.0195473251028807
110 118 0.142857142857143
111 118 0.0377358490566038
1 119 1.0
3 119 0.0102880658436214
5 119 0.0454545454545455
6 119 0.0938095238095238
7 119 0.875
8 119 0.2
9 119 0.609480812641084
11 119 0.6
12 119 0.146276595744681
13 119 0.472527472527473
14 119 0.215909090909091
17 119 0.0380658436213992
18 119 0.292791236986234
20 119 0.24
21 119 0.2
22 119 0.269360269360269
23 119 0.283582089552239
24 119 0.227333333333333
25 119 0.5
26 119 0.0139515798112433
27 119 0.140740740740741
30 119 0.185185185185185
31 119 0.328125
33 119 0.111111111111111
34 119 0.244186046511628
35 119 0.00842992623814542
37 119 1.0
41 119 0.25
42 119 0.328703703703704
43 119 0.0277777777777778
44 119 0.272727272727273
45 119 1.0
46 119 1.0
47 119 0.0246913580246914
48 119 0.586206896551724
49 119 0.00206896551724138
50 119 0.241935483870968
51 119 1.0
52 119 0.25
53 119 0.0133744855967078
54 119 0.228260869565217
56 119 0.75
57 119 0.5
58 119 0.0700104493207941
59 119 0.104761904761905
61 119 0.0380952380952381
63 119 0.1875
64 119 0.0625
65 119 0.0418470418470418
66 119 0.209090909090909
68 119 1.0
69 119 0.142857142857143
70 119 0.1335
71 119 0.0869565217391304
72 119 0.191637630662021
73 119 1.0
74 119 0.221333333333333
76 119 0.0267489711934156
77 119 0.509090909090909
78 119 0.521505376344086
79 119 0.6
80 119 1.0
81 119 0.0723110465116279
82 119 0.716666666666667
83 119 0.144
84 119 0.144927536231884
85 119 1.0
87 119 0.0304506699147381
88 119 0.175
89 119 0.243478260869565
90 119 0.167832167832168
91 119 0.0490146538655887
92 119 0.00884543761638734
93 119 0.0183780630105017
94 119 0.209876543209877
95 119 0.111111111111111
96 119 0.283333333333333
97 119 0.607843137254902
99 119 0.0547945205479452
101 119 1.0
102 119 0.0583941605839416
103 119 0.0
104 119 0.293103448275862
105 119 0.333333333333333
106 119 0.436170212765957
107 119 0.0714285714285714
108 119 0.72972972972973
109 119 0.0195473251028807
110 119 0.142857142857143
111 119 0.0188679245283019
3 122 0.52880658436214
4 122 0.418858242463117
6 122 0.604761904761905
9 122 0.86135202566235
11 122 0.7
12 122 0.247340425531915
13 122 0.967032967032967
14 122 0.215909090909091
16 122 0.45026319863756
17 122 0.327160493827161
18 122 0.478462525287413
20 122 0.306666666666667
22 122 0.801346801346801
23 122 0.402985074626866
24 122 0.656666666666667
26 122 0.00164136233073451
30 122 0.592592592592593
31 122 0.6875
32 122 0.811485642946317
33 122 0.270531400966184
34 122 0.406976744186047
35 122 0.722866174920969
39 122 0.415037243947858
40 122 0.55377094972067
41 122 0.277777777777778
42 122 0.453703703703704
43 122 0.0277777777777778
44 122 0.486631016042781
45 122 0.5
47 122 0.639917695473251
48 122 0.982758620689655
49 122 0.971862068965517
50 122 0.483870967741935
51 122 1.0
52 122 1.0
53 122 0.589506172839506
55 122 0.0923076923076923
56 122 0.25
58 122 0.0512016718913271
59 122 0.352380952380952
63 122 0.796875
64 122 0.25
65 122 0.623376623376623
68 122 0.5
70 122 0.963
71 122 0.347826086956522
72 122 0.29616724738676
74 122 0.643333333333333
76 122 0.707818930041152
77 122 0.490909090909091
79 122 0.7
80 122 0.5
81 122 0.918968023255814
82 122 0.716666666666667
83 122 0.765
84 122 0.304347826086957
85 122 0.5
86 122 0.393726694450537
87 122 0.982947624847747
88 122 0.675
89 122 0.38695652173913
90 122 0.216783216783217
91 122 0.173825164224356
92 122 0.0253724394785847
93 122 0.556884480746791
94 122 0.518518518518518
95 122 0.688888888888889
96 122 0.393333333333333
97 122 1.0
99 122 0.613277133825079
102 122 0.177267987486966
103 122 0.0
104 122 0.586206896551724
105 122 0.333333333333333
106 122 0.734042553191489
107 122 0.671428571428571
108 122 0.837837837837838
109 122 0.585390946502058
110 122 0.428571428571429
111 122 0.754716981132076
15 123 0.682926829268293
19 123 0.643534833288154
3 124 0.0380658436213992
4 124 0.961513790891597
6 124 0.857142857142857
9 124 0.896637756920518
11 124 0.5
13 124 0.43956043956044
14 124 0.375
17 124 0.0617283950617284
18 124 0.903044357823062
20 124 0.313333333333333
22 124 0.895622895622896
23 124 0.298507462686567
24 124 0.672
26 124 0.484612228149364
30 124 0.185185185185185
31 124 0.625
33 124 0.439613526570048
34 124 0.267441860465116
35 124 0.951527924130664
41 124 0.5
42 124 0.328703703703704
43 124 0.527777777777778
44 124 0.925133689839572
47 124 0.958847736625514
48 124 0.586206896551724
49 124 0.208413793103448
50 124 0.483870967741935
53 124 0.986625514403292
55 124 0.4
58 124 0.770114942528736
59 124 0.647619047619048
63 124 0.359375
64 124 0.53125
65 124 0.873015873015873
68 124 0.5
70 124 0.961666666666667
71 124 0.869565217391304
72 124 0.644599303135889
74 124 0.668666666666667
76 124 0.994855967078189
77 124 0.454545454545455
79 124 0.5
81 124 0.26453488372093
82 124 0.75
83 124 0.7695
84 124 0.429951690821256
85 124 0.5
87 124 0.0986601705237515
88 124 0.65
89 124 0.369565217391304
90 124 0.363636363636364
91 124 0.154623547246084
92 124 0.0351489757914339
93 124 0.978704784130688
94 124 0.481481481481481
95 124 0.644444444444444
97 124 0.735294117647059
99 124 0.100105374077977
102 124 0.524504692387904
103 124 0.533333333333333
104 124 0.879310344827586
105 124 1.0
106 124 0.723404255319149
107 124 0.314285714285714
108 124 0.945945945945946
109 124 0.997942386831276
110 124 1.0
111 124 0.584905660377358
15 125 0.74390243902439
3 126 0.0380658436213992
6 126 0.857142857142857
9 126 0.896637756920518
11 126 0.5
12 126 0.973404255319149
13 126 0.43956043956044
14 126 0.375
17 126 0.0617283950617284
20 126 0.313333333333333
22 126 0.895622895622896
23 126 0.82089552238806
24 126 0.672
26 126 0.515387771850636
30 126 0.185185185185185
31 126 0.625
33 126 0.560386473429952
34 126 0.267441860465116
35 126 0.951527924130664
41 126 0.5
42 126 0.328703703703704
43 126 0.472222222222222
44 126 0.925133689839572
45 126 1.0
47 126 0.0730452674897119
48 126 1.0
49 126 0.999103448275862
50 126 0.516129032258065
51 126 1.0
52 126 0.704545454545455
53 126 0.0133744855967078
56 126 0.75
58 126 0.770114942528736
59 126 0.352380952380952
63 126 0.359375
64 126 0.46875
65 126 0.851370851370851
68 126 1.0
70 126 0.962
71 126 0.130434782608696
72 126 0.355400696864112
74 126 0.655333333333333
76 126 0.0308641975308642
77 126 0.581818181818182
79 126 0.5
81 126 0.26453488372093
82 126 0.8
83 126 0.8015
84 126 0.570048309178744
85 126 1.0
87 126 0.0986601705237515
88 126 0.65
89 126 0.369565217391304
90 126 0.636363636363636
91 126 0.845376452753916
92 126 0.00861266294227188
93 126 0.072928821470245
94 126 0.518518518518518
95 126 0.644444444444444
97 126 0.735294117647059
99 126 0.899894625922023
102 126 0.475495307612096
103 126 0.533333333333333
104 126 0.827586206896552
105 126 1.0
106 126 0.734042553191489
107 126 0.314285714285714
108 126 0.540540540540541
109 126 0.0257201646090535
110 126 0.428571428571429
111 126 0.584905660377358
1 127 0.5
3 127 0.0421810699588477
5 127 0.118181818181818
6 127 0.080952380952381
7 127 0.875
8 127 0.690909090909091
9 127 0.469525959367946
11 127 0.5
12 127 0.11436170212766
13 127 0.450549450549451
14 127 0.159090909090909
17 127 0.0411522633744856
20 127 0.323333333333333
21 127 0.233333333333333
22 127 0.0101010101010101
23 127 0.328358208955224
24 127 0.251333333333333
25 127 0.663636363636364
26 127 0.0
27 127 0.111111111111111
30 127 0.37037037037037
31 127 0.34375
33 127 0.173913043478261
34 127 0.27906976744186
35 127 0.0263435194942044
37 127 0.5
41 127 0.106481481481481
42 127 0.331018518518519
43 127 0.118055555555556
44 127 0.224598930481283
45 127 0.5
46 127 0.5
47 127 0.0812757201646091
48 127 0.741379310344828
49 127 0.000620689655172414
50 127 0.0967741935483871
51 127 1.0
52 127 0.25
53 127 0.0174897119341564
54 127 0.268115942028986
56 127 0.5
57 127 0.663636363636364
58 127 0.333333333333333
59 127 0.133333333333333
61 127 0.0285714285714286
63 127 0.03125
64 127 0.375
65 127 0.0461760461760462
66 127 0.509090909090909
68 127 0.5
69 127 0.0
70 127 0.0466666666666667
71 127 0.0434782608695652
72 127 0.0
73 127 0.5
74 127 0.23
76 127 0.0349794238683128
77 127 0.545454545454545
78 127 0.459677419354839
79 127 0.5
80 127 0.5
81 127 0.185683139534884
82 127 0.7
83 127 0.11
84 127 0.217391304347826
85 127 0.5
87 127 0.0401948842874543
88 127 0.3
89 127 0.3
90 127 0.230769230769231
91 127 0.0404244567963618
93 127 0.0872228704784131
94 127 0.271604938271605
95 127 0.111111111111111
96 127 0.136666666666667
97 127 0.666666666666667
99 127 0.0758693361433087
101 127 0.5
102 127 0.148070907194995
103 127 0.0
104 127 0.5
105 127 0.333333333333333
106 127 0.361702127659574
107 127 0.0476190476190476
108 127 0.648648648648649
109 127 0.0205761316872428
110 127 0.0
111 127 0.0566037735849057
2 128 0.412486308871851
32 128 0.424469413233458
86 128 0.272428164071068
