1 1 0.694822888283379
2 1 0.297202797202797
3 1 0.330434782608696
4 1 0.333333333333333
5 1 0.05096011816839
6 1 0.302194357366771
7 1 0.100817438692098
8 1 0.1996
1 2 0.863760217983651
2 2 0.297202797202797
3 2 0.36231884057971
4 2 0.666666666666667
5 2 0.00566223535204333
6 2 0.070846394984326
7 2 0.681198910081744
9 2 0.780068965517241
10 2 0.9533
1 3 0.828337874659401
2 3 0.0034965034965035
3 3 0.104347826086957
4 3 0.666666666666667
5 3 0.0148941408173314
6 3 0.000940438871473354
7 3 0.0544959128065395
8 3 0.1756
9 3 0.140086206896552
10 3 0.43845
1 4 0.961852861035422
2 4 0.0034965034965035
3 4 0.0521739130434783
4 4 0.666666666666667
5 4 0.00812407680945347
6 4 0.000940438871473354
7 4 0.158038147138965
8 4 0.2448
9 4 0.1515
10 4 0.62365
1 5 0.828337874659401
2 5 0.0034965034965035
3 5 0.104347826086957
4 5 0.666666666666667
5 5 0.0148941408173314
6 5 0.000940438871473354
7 5 0.0544959128065395
8 5 0.1756
9 5 0.140086206896552
10 5 0.43845
1 6 0.283378746594005
2 6 0.297202797202797
3 6 0.263768115942029
4 6 0.666666666666667
5 6 0.00209256523879862
6 6 0.0952978056426332
7 6 0.0490463215258856
8 6 0.171
9 6 0.0011551724137931
10 6 0.18895
6 7 0.6858934169279
6 8 0.0423197492163009
1 9 0.833787465940054
2 9 0.0034965034965035
3 9 0.0492753623188406
4 9 0.833333333333333
5 9 0.00566223535204333
6 9 0.0366771159874608
7 9 0.136239782016349
8 9 0.3454
9 9 0.2755
10 9 0.4378
1 10 0.681198910081744
2 10 0.297202797202797
3 10 0.428985507246377
4 10 0.666666666666667
5 10 0.347735105859183
6 10 0.475235109717868
7 10 0.283378746594005
8 10 0.387
9 10 0.179155172413793
10 10 0.76235
1 11 0.994550408719346
2 11 0.0034965034965035
3 11 0.228985507246377
4 11 0.666666666666667
5 11 0.00652387986213688
6 11 0.000940438871473354
7 11 0.103542234332425
8 11 0.1908
9 11 0.179603448275862
10 11 0.63685
1 14 0.877384196185286
2 14 0.0034965034965035
3 14 0.228985507246377
4 14 0.666666666666667
5 14 0.00738552437223043
6 14 0.000940438871473354
7 14 0.103542234332425
8 14 0.2098
9 14 0.151327586206897
10 14 0.5521
6 16 0.0952978056426332
9 16 0.0011551724137931
10 16 0.18865
1 17 0.858310626702997
2 17 0.297202797202797
3 17 0.444927536231884
4 17 0.666666666666667
5 17 0.482028557360906
6 17 0.759561128526646
7 17 0.283378746594005
8 17 0.6686
9 17 0.214034482758621
10 17 0.96055
