1 1 0.452020191112244
3 1 1532.36653861666
6 1 0.580918507799631
7 1 189.498632282096
8 1 17.7245232855498
10 1 3050.97760087646
16 1 14.1283520725004
17 1 20.0834349528902
24 1 2.753125
28 1 0.110547558044178
29 1 32944.0971711675
1 2 1.17023667121594
3 2 3082.36396752189
6 2 1.02201251921107
7 2 118.599218233618
8 2 21.0854051322109
10 2 8848.93080160709
16 2 11.6139064056527
17 2 54.4101675504703
24 2 4.545
29 2 51556.8018804665
1 3 0.585546018006984
2 3 0.0110286108180096
5 3 197.191555599066
6 3 0.826087339861283
7 3 107.118890864889
8 3 15.2270482171388
10 3 5482.81768596303
11 3 3.25596804573368e-05
13 3 0.758534972753698
15 3 7242.14859920065
16 3 10.8006736823138
17 3 24.60478859628
19 3 2.72944444444444
20 3 2.15940026450438
21 3 0.442158373222124
22 3 0.444444444444444
24 3 2.72944444444444
25 3 0.105201229050248
28 3 0.106367504307794
29 3 30988.1387109538
30 3 1.08155491788764
16 4 10.1715000333432
17 4 8.07979633817222
24 4 1.27766608329082
1 5 1.72435370290255
3 5 2647.55244253927
6 5 0.536981103032043
7 5 124.818862678256
8 5 11.9655728076316
10 5 4618.60410830077
16 5 9.71794453344366
17 5 20.4649653531531
22 5 0.0493827160493828
24 5 2.81586419753086
29 5 47989.8638740306
1 6 1.21906490988693
2 6 0.0109804749384505
3 6 1746.85313585998
5 6 278.353615605401
6 6 0.77880123401758
7 6 110.102426259394
8 6 7.93306986509297
10 6 2805.26993644653
11 6 3.3799976796869e-05
13 6 0.760078498194087
14 6 0.0147194370092299
15 6 10445.903197156
16 6 10.1642447413352
17 6 22.8212556695784
18 6 1.51603237770625e-12
19 6 2.753125
20 6 2.29172828261425
21 6 0.532581114388691
22 6 0.0
24 6 2.753125
25 6 1.78722496059493
27 6 5.60111111111111
28 6 0.0717849623168075
29 6 49703.2054035974
1 8 1.17959349329323
5 8 351.65187267662
6 8 0.568458841218904
7 8 184.816442744402
8 8 8.40305401777634
10 8 2791.42016505005
11 8 5.29263559052164e-05
13 8 0.758565333175005
16 8 12.5409094027839
17 8 17.5837664481217
19 8 0.506261618755559
20 8 3.67320204044919
22 8 0.0
24 8 0.506261618755559
25 8 2.1545690558811
27 8 8.17284907278209
28 8 0.0731117236828877
29 8 39813.69737147
1 9 0.948993601483596
2 9 0.0111077628568236
3 9 4.21522220663692
5 9 228.611358950031
6 9 0.865849241821813
7 9 117.768416913195
8 9 14.6691549779929
10 9 5581.29000735769
11 9 3.45607786101676e-05
13 9 0.758832674873123
14 9 0.0154683841457523
15 9 7668.19816353905
16 9 10.06773553039
17 9 23.2243236223204
18 9 0.365326070801375
19 9 2.81586419753086
20 9 2.33068979161503
21 9 0.497593630537128
22 9 0.049382716049383
24 9 2.81586419753086
25 9 0.102615629158403
27 9 5.60111111111111
28 9 0.0977467303704266
29 9 50127.2242417724
30 9 1.07488351825339
9 10 1.00099894282857
1 12 2.6661174930681
3 12 5341.67850528735
6 12 1.52528350156851
7 12 295.480749136578
8 12 54.1920004115262
10 12 20309.1219532537
15 12 11065.050948872
16 12 10.0725555441141
17 12 78.0457836442106
24 12 2.753125
29 12 49703.2054035974
1 13 2.34904651975297
6 13 1.47147923638617
7 13 295.585948381907
8 13 17.3898675317353
10 13 11547.0612937188
15 13 11919.7332994031
16 13 9.82278937394264
17 13 66.8518401451143
24 13 1.38149155774059
29 13 48247.5081996797
3 15 1746.85313591019
7 15 239.582157255083
8 15 8.01421830814273
10 15 2832.69777556099
17 15 23.0015041891201
24 15 1.40625
29 15 51122.0848661284
1 16 0.996245184834533
6 16 0.622950819672131
7 16 240.776946153846
8 16 17.1800840336134
10 16 3242.92857142857
15 16 14513.641207094
16 16 17.2644230769231
17 16 20.8026973684211
24 16 0.29
29 16 31291.1607142857
1 17 2.83894094450594
3 17 5563.43511389372
6 17 1.55737704918033
7 17 799.996882051282
8 17 586.662605042017
10 17 30062.8888888889
16 17 14.3918269230769
17 17 565.605592105263
22 17 0.4183373041
23 17 1.00009919139882
24 17 0.8141358876705
29 17 171723.214285714
1 18 1.0228046615415
2 18 0.0109695968691547
3 18 1983.62890079136
5 18 311.58916845771
6 18 0.602368322609805
7 18 121.408262210051
8 18 13.4093160537884
10 18 2792.91968808704
11 18 3.3315749148809e-05
12 18 0.497735272369007
14 18 0.0119688468799907
15 18 7962.44658051982
16 18 11.5068795885076
17 18 33.6140417255769
18 18 50.5426742770296
19 18 0.289963427644117
20 18 2.3311827897347
21 18 0.473835413703445
22 18 1.1141975308642
24 18 0.289963427644117
25 18 0.0945868772558915
27 18 7.84
28 18 0.0738947864080044
29 18 29179.5549482625
1 19 2.63060693725889
3 19 5268.00862954831
7 19 283.2547009854
8 19 22.9289281652547
10 19 17337.8123388375
16 19 10.9824920351073
17 19 64.1511250179145
24 19 0.839429894454643
29 19 50706.4668569443
16 20 10.296033984675
17 20 11.5874227960782
24 20 1.62984585297043
16 21 9.77520009631383
17 21 8.48750424968313
24 21 1.31401404924964
4 22 1.21048454877767
1 24 0.545083914562703
2 24 0.0110696110456017
3 24 461.099064648094
5 24 307.902042496011
6 24 0.718031243159073
7 24 135.482264638511
8 24 9.27389925062548
10 24 11865.2153334975
11 24 3.36734250881501e-05
13 24 0.76380276266574
14 24 0.0143637616179162
16 24 10.5995245786458
17 24 36.2664334096716
18 24 61.6820726683049
19 24 0.512222222222222
20 24 2.27389985836542
21 24 0.500229929831075
22 24 0.0
24 24 0.512222222222222
25 24 0.29347907016415
27 24 7.84
28 24 0.118266235504565
30 24 1.0958061394887
1 25 1.78352769174637
2 25 0.0109964681339346
3 25 1807.45234484305
5 25 204.431806170972
6 25 0.984850432424808
7 25 118.599218233618
8 25 15.0935733986219
10 25 789.607059730564
11 25 3.38435068697599e-05
12 25 0.553021631088017
13 25 0.775158616518132
14 25 0.0112183012482754
15 25 10785.7322463205
16 25 10.053856004954
17 25 38.2171806969737
18 25 1.51603234968173e-12
19 25 0.512222222222222
20 25 2.29766689695226
21 25 0.535358631224328
22 25 0.0
24 25 0.512222222222222
25 25 0.239382086695266
27 25 8.6712228332299
28 25 0.100201711879847
29 25 48802.5704664086
1 26 0.385949890638117
3 26 1678.5477019263
6 26 0.729471691282753
7 26 608.849536842589
8 26 11.0572175485471
10 26 72349.4225323124
15 26 10579.0149994927
16 26 11.7218900658341
17 26 16.5254759177495
24 26 0.873981612515619
29 26 16955.2326564456
1 27 1.16923333709864
6 27 512.93849944612
7 27 153.407731081367
8 27 191.974238514445
10 27 5382.58373829103
16 27 10.0925232884558
17 27 39.5136771609776
24 27 0.7693232638445
28 27 0.0715635545026785
29 27 123606.568172756
9 28 0.000638426046141673
23 28 0.000655722035192277
26 28 30.3147785535128
27 28 6.5354366025
1 29 1.47623336167349
7 29 177.723012239044
8 29 13.2186130012223
10 29 9455.53056455543
16 29 9.57201509348763
17 29 17.2804508042335
24 29 1.59373101297071
28 29 0.0650716484964359
29 29 34607.5204231128
4 30 1.17765396884863
26 30 31.7021710138261
1 31 2.6661174930681
3 31 5341.67850528735
6 31 1.52528350156851
7 31 295.480749136578
8 31 54.1920004115262
10 31 20309.1219532537
16 31 10.0725555441141
17 31 78.0457836442106
24 31 2.753125
27 31 5.60111111111111
29 31 49703.2054035974
4 32 1.21182161840542
1 33 1.16681047664631
2 33 0.0109964681339345
3 33 1804.46758214198
5 33 215.675196751668
6 33 0.986671173934055
7 33 118.599218233618
8 33 15.3877970161568
10 33 1927.97169391178
11 33 3.28389671998045e-05
12 33 0.528633757224545
13 33 0.77222602572253
14 33 0.0116949862263365
15 33 10157.3035049577
16 33 11.0757481700213
17 33 30.8391594129228
18 33 2.5358197885542e-05
19 33 0.512222222222222
20 33 2.29596985303986
21 33 0.510539614906757
22 33 1.0
24 33 0.512222222222222
25 33 0.0847996592659971
27 33 9.0
28 33 0.103183487649185
29 33 51647.4504017857
1 34 0.931317754811292
6 34 0.923372853249904
7 34 118.024775261974
8 34 19.1875316128418
10 34 6049.27087135708
16 34 10.4116755050921
17 34 35.4296599110137
24 34 4.54499999999658
29 34 34054.6015439438
4 35 1.26110665682702
26 35 34.8837279599531
1 37 0.868363656779171
2 37 0.011325945031989
3 37 1.76135393993126
5 37 225.215149996211
6 37 0.568916083554691
7 37 124.57284128351
8 37 12.5714120915007
10 37 2508.05338675315
11 37 3.24573702628919e-05
13 37 0.761360043381753
14 37 0.0134139681949639
15 37 7257.69567065362
16 37 11.1419840946805
17 37 16.1929201486975
18 37 0.20494028290575
19 37 2.73001111111111
20 37 2.18058133274134
22 37 0.142716049382716
24 37 2.73001111111111
25 37 0.0811008167151062
27 37 3.8809
28 37 0.0877999678060259
29 37 41684.840518385
30 37 1.07304979371664
1 38 2.6661174930681
3 38 5341.67850528735
6 38 1.52528350156851
7 38 295.480749136578
8 38 54.1920004115262
10 38 20309.1219532537
15 38 11065.050948872
16 38 10.0725555441141
17 38 78.0457836442106
24 38 2.753125
29 38 49703.2054035974
1 39 1.16789407489877
3 39 3082.31833931434
6 39 1.02300628137648
7 39 116.032798910574
8 39 19.540243582686
10 39 10131.4825699956
16 39 10.157992118416
17 39 47.1354332559895
24 39 2.82277777777778
29 39 51933.0918367347
7 40 171.47998954307
8 40 7.96863535564435
10 40 2838.78031430309
17 40 22.9288950523814
24 40 1.4243946948965
28 40 0.0716589442727015
29 40 51090.3448705619
3 43 1746.85313656183
7 43 171.47998954307
8 43 7.96863535564435
10 43 2838.78031430309
17 43 22.9288950523814
24 43 1.4243946948965
29 43 51090.3448705619
