1 1 0.4421
2 1 0.4286
3 1 0.2359
4 1 0.3198
5 1 0.0281
7 1 0.3109
9 1 0.0469
11 1 0.0295
12 1 0.0728
1 2 0.4735
2 2 0.4286
3 2 0.3074
4 2 0.3156
5 2 0.025
7 2 0.4281
8 2 0.8039
9 2 0.0567
10 2 0.2601
11 2 0.0479000000000001
12 2 0.0963
1 3 0.4432
2 3 0.4286
3 3 0.2934
4 3 0.323
5 3 0.0239
8 3 0.9265
12 3 0.0958
1 4 0.4517
2 4 1.0
3 4 0.3038
4 4 0.3134
5 4 0.0248999999999999
7 4 0.4658
10 4 0.2606
11 4 0.0295999999999999
1 5 0.5086
2 5 0.4286
3 5 0.2565
4 5 0.4243
5 5 0.0751000000000001
6 5 0.1689
7 5 0.9498
8 5 0.6447
9 5 0.0412
10 5 0.2299
11 5 0.0295999999999999
12 5 0.0694
1 6 0.463
2 6 0.4286
3 6 0.3219
4 6 0.3433
5 6 0.0284
6 6 0.2126
7 6 0.3844
8 6 0.8544
9 6 0.0490000000000001
10 6 0.3239
11 6 0.0297
12 6 0.1085
1 7 0.5432
2 7 0.4286
3 7 0.2232
4 7 0.3913
6 7 0.1473
8 7 0.6804
9 7 0.0387
11 7 0.0295999999999999
12 7 0.0620999999999999
1 8 0.2559
2 8 1.0
3 8 0.191
4 8 0.4456
5 8 0.0194
6 8 0.1675
7 8 0.2171
8 8 0.9988
9 8 0.0361
10 8 0.2199
11 8 0.0295999999999999
12 8 0.0969
1 9 0.3084
2 9 0.4286
3 9 0.1734
4 9 0.3198
5 9 0.0281
7 9 0.2017
8 9 0.9795
9 9 0.0412
11 9 0.0295
12 9 0.0718000000000001
1 10 0.3536
2 10 0.4286
3 10 0.1657
4 10 0.3902
5 10 0.0184999999999999
6 10 0.1372
7 10 0.209
8 10 0.7106
9 10 0.0418000000000001
10 10 0.1954
11 10 0.0295999999999999
12 10 0.0666
1 12 0.4952
2 12 0.4286
3 12 0.2161
4 12 0.387
5 12 0.0715000000000001
6 12 0.1489
7 12 0.9176
8 12 0.6606
9 12 0.0433
10 12 0.2059
11 12 0.0295999999999999
12 12 0.0625
