thyroid-allrep	2800	40	4	0.0102880658436214
isolet	6238	617	26	failed
random	1791	15	16	0.875
new york traffic 2008 all hours 7 days more readings	257	1779	7	0.2
heart-disease-hungarian	206	22	2	0.215909090909091
thyroid-sick	2800	40	2	0.0380658436213992
statlog-german	700	59	2	0.24
arcene2	70	11	2	0.2
vowel-context	693	13	11	0.269360269360269
new york traffic 2008 6pm all days	256	48	7	0.5
Dif	315	2	3	0.140740740740741
jwr-products-2010-07-05	15194	11088	133	failed
credit-screening	483	44	2	0.111111111111111
breast-cancer	200	36	2	0.244186046511628
monks-1	124	15	2	0.25
monks-2	169	15	2	0.328703703703704
monks-3	122	15	2	0.0277777777777778
balance-scale	438	4	3	0.272727272727273
simple-dataset-elo	4	3	2	1.0
sonar	146	60	2	0.241935483870968
simple-dataset	4	3	2	1.0
thyroid-euthyroid	2214	32	2	0.0547945205479452
HIV identification_1	644	4	2	0.228260869565217
voting-records	305	16	2	failed
shuttle-landing-control	11	11	2	0.75
molecular-biology-splice	2233	244	3	0.0700104493207941
Easy	245	2	3	0.0380952380952381
ionosphere	246	34	2	0.104761904761905
molecular-biology-promoters	74	228	2	0.0625
statlog-segment	1617	19	7	0.0418470418470418
transientsClassification	3991	80	58	failed
sample-dataset2	4	3	3	1.0
new york traffic 2008 6pm	256	48	2	0.0454545454545455
hepatitis	109	34	2	0.0869565217391304
heart-disease-cleveland	212	15	5	0.472527472527473
waveform	3500	21	3	0.221333333333333
thyroid-allbp	2800	40	3	0.0267489711934156
breast-cancer-wdbc	398	31	535	1.0
thyroid-0387	6420	40	32	0.0723110465116279
heart-disease-va	140	22	5	0.716666666666667
sample-dataset	4	3	3	1.0
page-blocks	3831	10	5	0.0304506699147381
musk-1	333	166	2	0.167832167832168
musk-2	4619	166	2	0.0490146538655887
neut_1..02.tiny	10024	5886	3	0.00884543761638734
iris	105	4	3	0.111111111111111
statlog-vehicle	94	18	4	0.436170212765957
breast-cancer-wisconsin	489	10	2	0.0714285714285714
lenses	17	4	3	0.142857142857143
test_fromwebsite	4	3	2	1.0
image	210	19	7	0.0938095238095238
chess-krk	19639	23	18	0.609480812641084
soybean	307	69	19	0.146276595744681
statlog-heart	189	13	2	0.209876543209877
clinical_wsd	60284	38269	133	failed
connect-4	47290	42	3	0.292791236986234
horse-colic	299	116	3	0.283582089552239
waveform-noise	3500	40	3	0.227333333333333
mushroom	5687	111	2	0.0139515798112433
postoperative-patient-data	63	19	3	0.185185185185185
glass	150	9	6	0.328125
jakefootball	127	0	3	0.509090909090909
thyroid-hypothyroid	2214	32	2	0.00842992623814542
manhattan_traffic	499211	5	7	failed
testamal	4	3	2	1.0
multiclass-sample	4	3	2	1.0
thyroid-allhypo	2800	40	4	0.0246913580246914
breast-cancer-wpbc	136	34	22	0.586206896551724
statlog-shuttle	43500	9	7	0.00206896551724138
lymphography	104	18	4	0.25
thyroid-dis	2800	40	2	0.0133744855967078
new york traffic 2008 6pm 7 days	256	48	7	0.5
chess-krkp	2237	38	2	0.0583941605839416
letter-recognition	14000	16	26	0.1335
lung-cancer	22	58	3	0.6
tic-tac-toe	671	9	2	0.191637630662021
Raw@rite	4	3	2	1.0
DataTest2H1	869	31	2	0.521505376344086
jake-lungcancer-copy	22	58	3	0.6
statlog-satimage	4435	36	6	0.144
statlog-australian	483	38	2	0.144927536231884
pima-indians-diabetes	538	8	2	0.243478260869565
thyroid-new	151	5	3	0.1875
thyroid-ann	3772	21	3	0.0183780630105017
new york traffic 2008 all hours 7 days	257	1110	7	0.209090909090909
mnistSmall	700	784	10	0.283333333333333
primary-tumor	237	22	21	0.607843137254902
SleepdataMulti	241	143	5	failed
testfromwebsite	4	3	2	1.0
ContactLenses	17	4	3	0.142857142857143
annealing	111	55	2	0.0
flags	136	48	6	0.293103448275862
trains	7	66	2	0.333333333333333
hayes-roth	92	4	3	0.175
heart-disease-switzerland	86	22	5	0.72972972972973
thyroid-allhyper	2800	40	4	0.0195473251028807
wine	125	13	3	0.0188679245283019
