thyroid-allrep	2800	40	4	0.01440329218107
isolet	6238	617	26	failed
random	1791	15	16	0.875
new york traffic 2008 all hours 7 days more readings	257	1779	7	0.290909090909091
heart-disease-hungarian	206	22	2	0.181818181818182
thyroid-sick	2800	40	2	0.0380658436213992
blakhol_mc_test_5	8608	4	10	0.638926538357278
statlog-german	700	59	2	0.29
arcene2	70	11	2	0.333333333333333
vowel-context	693	13	11	0.38047138047138
new york traffic 2008 6pm all days	256	48	7	0.472727272727273
Dif	315	2	3	0.185185185185185
jwr-products-2010-07-05	15194	11088	133	failed
credit-screening	483	44	2	0.140096618357488
breast-cancer	200	36	2	0.27906976744186
monks-1	124	15	2	0.25
monks-2	169	15	2	0.328703703703704
monks-3	122	15	2	0.0277777777777778
balance-scale	438	4	3	0.219251336898396
simple-dataset-elo	4	3	2	0.5
sonar	146	60	2	0.193548387096774
simple-dataset	4	3	2	0.5
thyroid-euthyroid	2214	32	2	0.0432033719704953
HIV identification_1	644	4	2	0.228260869565217
voting-records	305	16	2	failed
shuttle-landing-control	11	11	2	0.75
molecular-biology-splice	2233	244	3	0.0407523510971787
Easy	245	2	3	0.0476190476190476
ionosphere	246	34	2	0.133333333333333
molecular-biology-promoters	74	228	2	0.0625
statlog-segment	1617	19	7	0.088023088023088
transientsClassification	3991	80	58	failed
sample-dataset2	4	3	3	0.5
new york traffic 2008 6pm	256	48	2	0.0636363636363636
hepatitis	109	34	2	0.195652173913043
heart-disease-cleveland	212	15	5	0.384615384615385
waveform	3500	21	3	0.198
thyroid-allbp	2800	40	3	0.0432098765432099
breast-cancer-wdbc	398	31	535	1.0
thyroid-0387	6420	40	32	0.137354651162791
heart-disease-va	140	22	5	0.816666666666667
sample-dataset	4	3	3	0.5
page-blocks	3831	10	5	0.0578562728380024
musk-1	333	166	2	0.223776223776224
musk-2	4619	166	2	0.100050530570995
neut_1..02.tiny	10024	5886	3	0.161080074487896
iris	105	4	3	0.111111111111111
statlog-vehicle	94	18	4	0.563829787234043
breast-cancer-wisconsin	489	10	2	0.0476190476190476
lenses	17	4	3	0.571428571428571
test_fromwebsite	4	3	2	0.5
image	210	19	7	0.104285714285714
chess-krk	19639	23	18	0.633836283711536
soybean	307	69	19	0.0851063829787234
statlog-heart	189	13	2	0.160493827160494
input_for_eur_usd_pred	193	110	7	0.670731707317073
clinical_wsd	60284	38269	133	failed
connect-4	47290	42	3	0.279518428973208
horse-colic	299	116	3	0.298507462686567
waveform-noise	3500	40	3	0.191333333333333
mushroom	5687	111	2	0.0623717685679114
postoperative-patient-data	63	19	3	0.185185185185185
glass	150	9	6	0.3125
jakefootball	127	0	3	0.545454545454545
thyroid-hypothyroid	2214	32	2	0.0221285563751317
manhattan_traffic	499211	5	7	0.839493708751659
testamal	4	3	2	0.5
multiclass-sample	4	3	2	0.5
thyroid-allhypo	2800	40	4	0.0102880658436214
breast-cancer-wpbc	136	34	22	0.586206896551724
statlog-shuttle	43500	9	7	0.00524137931034483
lymphography	104	18	4	0.181818181818182
thyroid-dis	2800	40	2	0.0288065843621399
new york traffic 2008 6pm 7 days	256	48	7	0.472727272727273
chess-krkp	2237	38	2	0.105318039624609
letter-recognition	14000	16	26	0.259833333333333
lung-cancer	22	58	3	0.8
tic-tac-toe	671	9	2	0.348432055749129
Raw@rite	4	3	2	0.5
DataTest2H1	869	31	2	0.521505376344086
jake-lungcancer-copy	22	58	3	0.8
statlog-satimage	4435	36	6	0.185
statlog-australian	483	38	2	0.120772946859903
pima-indians-diabetes	538	8	2	0.230434782608696
thyroid-new	151	5	3	0.09375
thyroid-ann	3772	21	3	0.0236289381563594
new york traffic 2008 all hours 7 days	257	1110	7	0.227272727272727
mnistSmall	700	784	10	0.21
primary-tumor	237	22	21	0.647058823529412
SleepdataMulti	241	143	5	failed
testfromwebsite	4	3	2	0.5
ContactLenses	17	4	3	0.571428571428571
annealing	111	55	2	0.0
flags	136	48	6	0.344827586206897
trains	7	66	2	0.333333333333333
hayes-roth	92	4	3	0.35
heart-disease-switzerland	86	22	5	0.540540540540541
thyroid-allhyper	2800	40	4	0.0257201646090535
wine	125	13	3	0.0377358490566038
