boostexterthyroid-allrep	2800	40	4	0.00925925925925926
isolet	6238	617	26	0.0551635663887107
random	1791	15	16	0.875
new york traffic 2008 all hours 7 days more readings	257	1779	7	0.118181818181818
mit-bih-arrhythmia	48405	8	3	0.132400339270568
heart-disease-hungarian	206	22	2	0.227272727272727
thyroid-sick	2800	40	2	0.0277777777777778
statlog-german	700	59	2	0.293333333333333
arcene2	70	11	2	0.3
vowel-context	693	13	11	0.154882154882155
new york traffic 2008 6pm all days	256	48	7	0.445454545454545
Dif	315	2	3	failed
jwr-products-2010-07-05	15194	11088	133	failed
credit-screening	483	44	2	0.164251207729469
breast-cancer	200	36	2	0.302325581395349
neut_1..005.tiny	10024	5886	3	failed
monks-1	124	15	2	0.30787037037037
monks-2	169	15	2	0.395833333333333
monks-3	122	15	2	0.0601851851851852
balance-scale	438	4	3	0.0160427807486631
simple-dataset-elo	4	3	2	0.5
sonar	146	60	2	0.193548387096774
simple-dataset	4	3	2	0.5
thyroid-euthyroid	2214	32	2	0.0326659641728135
HIV identification_1	644	4	2	0.235507246376812
voting-records	305	16	2	0.0384615384615385
shuttle-landing-control	11	11	2	0.25
molecular-biology-splice	2233	244	3	0.0512016718913271
Easy	245	2	3	failed
ionosphere	246	34	2	0.0857142857142857
molecular-biology-promoters	74	228	2	0.0625
statlog-segment	1617	19	7	0.0274170274170274
transientsClassification	3991	80	58	failed
sample-dataset2	4	3	3	0.5
new york traffic 2008 6pm	256	48	2	0.0363636363636364
hepatitis	109	34	2	0.130434782608696
heart-disease-cleveland	212	15	5	0.450549450549451
waveform	3500	21	3	0.154666666666667
thyroid-allbp	2800	40	3	0.0277777777777778
breast-cancer-wdbc	398	31	535	1.0
thyroid-0387	6420	40	32	0.0723110465116279
heart-disease-va	140	22	5	0.683333333333333
sample-dataset	4	3	3	0.5
page-blocks	3831	10	5	0.0280146163215591
musk-1	333	166	2	0.0839160839160839
musk-2	4619	166	2	0.00909550277918141
neut_1..02.tiny	10024	5886	3	failed
iris	105	4	3	0.111111111111111
neut_0..02.tiny	10024	5886	3	failed
statlog-vehicle	94	18	4	0.319148936170213
breast-cancer-wisconsin	489	10	2	0.0571428571428571
lenses	17	4	3	0.142857142857143
test_fromwebsite	4	3	2	0.5
image	210	19	7	0.05
chess-krk	19639	23	18	0.65926101936557
soybean	307	69	19	0.0611702127659574
thyroid-ann	3772	21	3	0.0072928821470245
clinical_wsd	60284	38269	133	0.428549311038861
connect-4	47290	42	3	0.247545270636996
horse-colic	299	116	3	0.298507462686567
waveform-noise	3500	40	3	0.147333333333333
mushroom	5687	111	2	0.0
NY Traffic R11 2008 Weekday/Weekend popular roads normalized	257	603	2	0.0545454545454545
postoperative-patient-data	63	19	3	0.407407407407407
glass	150	9	6	0.265625
jakefootball	127	0	3	0.418181818181818
thyroid-hypothyroid	2214	32	2	0.0189673340358272
manhattan_traffic	499211	5	7	0.82942116776039
testamal	4	3	2	0.5
neut_0..005.tiny	10024	5886	3	failed
multiclass-sample	4	3	2	0.5
thyroid-allhypo	2800	40	4	0.00308641975308642
breast-cancer-wpbc	136	34	22	0.689655172413793
statlog-shuttle	43500	9	7	6.89655172413793e-05
lymphography	104	18	4	0.113636363636364
thyroid-dis	2800	40	2	0.0205761316872428
new york traffic 2008 6pm 7 days	256	48	7	0.445454545454545
neut_1..01.tiny	10024	5886	3	failed
neut_0..01.tiny	10024	5886	3	failed
chess-krkp	2237	38	2	0.0333680917622523
letter-recognition	14000	16	26	0.142833333333333
lung-cancer	22	58	3	0.4
tic-tac-toe	671	9	2	0.0209059233449477
Raw@rite	4	3	2	0.5
NY Traffic R11 2008 all days popular roads normalized with s	257	603	7	0.1
DataTest2H1	869	31	2	failed
jake-lungcancer-copy	22	58	3	0.4
statlog-satimage	4435	36	6	0.1205
statlog-australian	483	38	2	0.193236714975845
pima-indians-diabetes	538	8	2	0.260869565217391
thyroid-new	151	5	3	0.109375
statlog-heart	189	13	2	0.234567901234568
new york traffic 2008 all hours 7 days	257	1110	7	0.1
mnistSmall	700	784	10	0.133333333333333
primary-tumor	237	22	21	0.57843137254902
SleepdataMulti	241	143	5	failed
testfromwebsite	4	3	2	0.5
ContactLenses	17	4	3	0.142857142857143
annealing	111	55	2	0.0
flags	136	48	6	0.241379310344828
trains	7	66	2	0.333333333333333
hayes-roth	92	4	3	0.125
heart-disease-switzerland	86	22	5	0.648648648648649
thyroid-allhyper	2800	40	4	0.0185185185185185
wine	125	13	3	0.0566037735849057
