ClassificationViaRegression_weka_nominalsonar	146	60	2	0.516129032258065
thyroid-allrep	2800	40	4	0.0380658436213992
voting-records	305	16	2	failed
isolet	6238	617	26	failed
connect-4	47290	42	3	failed
shuttle-landing-control	11	11	2	0.75
molecular-biology-splice	2233	244	3	0.770114942528736
chess-krk	19639	23	18	0.896637756920518
heart-disease-switzerland	86	22	5	0.540540540540541
breast-cancer-wisconsin	489	10	2	0.314285714285714
lung-cancer	22	58	3	0.5
soybean	307	69	19	0.973404255319149
neut_1..02.tiny	10024	5886	3	0.00861266294227188
ionosphere	246	34	2	0.352380952380952
heart-disease-cleveland	212	15	5	0.43956043956044
thyroid-ann	3772	21	3	0.072928821470245
statlog-segment	1617	19	7	0.851370851370851
hayes-roth	92	4	3	0.65
thyroid-sick	2800	40	2	0.0617283950617284
letter-recognition	14000	16	26	0.962
hepatitis	109	34	2	0.130434782608696
tic-tac-toe	671	9	2	0.355400696864112
molecular-biology-promoters	74	228	2	0.46875
waveform	3500	21	3	0.655333333333333
statlog-german	700	59	2	0.313333333333333
thyroid-allbp	2800	40	3	0.0308641975308642
vowel-context	693	13	11	0.895622895622896
horse-colic	299	116	3	0.82089552238806
waveform-noise	3500	40	3	0.672
sample-dataset2	4	3	3	1.0
jakefootball	127	0	3	0.581818181818182
image	210	19	7	0.857142857142857
jake-lungcancer-copy	22	58	3	0.5
breast-cancer-wdbc	398	31	535	1.0
thyroid-0387	6420	40	32	0.26453488372093
heart-disease-va	140	22	5	0.8
statlog-satimage	4435	36	6	0.8015
statlog-australian	483	38	2	0.570048309178744
mushroom	5687	111	2	0.515387771850636
sample-dataset	4	3	3	1.0
statlog-shuttle	43500	9	7	0.999103448275862
page-blocks	3831	10	5	0.0986601705237515
postoperative-patient-data	63	19	3	0.185185185185185
thyroid-euthyroid	2214	32	2	0.899894625922023
pima-indians-diabetes	538	8	2	0.369565217391304
credit-screening	483	44	2	0.560386473429952
musk-2	4619	166	2	0.845376452753916
breast-cancer	200	36	2	0.267441860465116
thyroid-hypothyroid	2214	32	2	0.951527924130664
heart-disease-hungarian	206	22	2	0.375
statlog-heart	189	13	2	0.518518518518518
iris	105	4	3	0.644444444444444
musk-1	333	166	2	0.636363636363636
primary-tumor	237	22	21	0.735294117647059
glass	150	9	6	0.625
monks-1	124	15	2	0.5
monks-2	169	15	2	0.328703703703704
monks-3	122	15	2	0.472222222222222
balance-scale	438	4	3	0.925133689839572
multiclass-sample	4	3	2	1.0
thyroid-allhypo	2800	40	4	0.0730452674897119
chess-krkp	2237	38	2	0.475495307612096
annealing	111	55	2	0.533333333333333
breast-cancer-wpbc	136	34	22	1.0
flags	136	48	6	0.827586206896552
trains	7	66	2	1.0
statlog-vehicle	94	18	4	0.734042553191489
thyroid-new	151	5	3	0.359375
wine	125	13	3	0.584905660377358
lymphography	104	18	4	0.704545454545455
thyroid-allhyper	2800	40	4	0.0257201646090535
lenses	17	4	3	0.428571428571429
thyroid-dis	2800	40	2	0.0133744855967078
