ClassificationViaClustering_weka_nominalsonar	146	60	2	0.483870967741935
thyroid-allrep	2800	40	4	0.227366255144033
voting-records	305	16	2	failed
isolet	6238	617	26	failed
connect-4	47290	42	3	0.527409088666305
shuttle-landing-control	11	11	2	0.75
molecular-biology-splice	2233	244	3	0.411703239289446
chess-krk	19639	23	18	0.828561245099204
heart-disease-switzerland	86	22	5	0.567567567567568
breast-cancer-wisconsin	489	10	2	0.0571428571428571
lung-cancer	22	58	3	0.5
soybean	307	69	19	0.797872340425532
neut_1..02.tiny	10024	5886	3	0.300512104283054
ionosphere	246	34	2	0.333333333333333
heart-disease-cleveland	212	15	5	0.461538461538462
thyroid-ann	3772	21	3	0.0971411901983664
statlog-segment	1617	19	7	0.721500721500722
hayes-roth	92	4	3	0.725
thyroid-sick	2800	40	2	0.268518518518519
letter-recognition	14000	16	26	0.9465
hepatitis	109	34	2	0.304347826086957
tic-tac-toe	671	9	2	0.407665505226481
molecular-biology-promoters	74	228	2	0.34375
waveform	3500	21	3	0.374
statlog-german	700	59	2	0.47
thyroid-allbp	2800	40	3	0.223251028806584
vowel-context	693	13	11	0.922558922558923
horse-colic	299	116	3	0.462686567164179
waveform-noise	3500	40	3	0.37
sample-dataset2	4	3	3	1.0
jakefootball	127	0	3	0.472727272727273
image	210	19	7	0.714285714285714
jake-lungcancer-copy	22	58	3	0.5
breast-cancer-wdbc	398	31	535	1.0
thyroid-0387	6420	40	32	0.49890988372093
heart-disease-va	140	22	5	0.85
statlog-satimage	4435	36	6	0.6065
statlog-australian	483	38	2	0.468599033816425
mushroom	5687	111	2	0.272466146901929
sample-dataset	4	3	3	1.0
statlog-shuttle	43500	9	7	0.173655172413793
page-blocks	3831	10	5	0.254567600487211
postoperative-patient-data	63	19	3	0.592592592592593
thyroid-euthyroid	2214	32	2	0.164383561643836
pima-indians-diabetes	538	8	2	0.304347826086957
credit-screening	483	44	2	0.454106280193237
musk-2	4619	166	2	0.473976755937342
breast-cancer	200	36	2	0.534883720930233
thyroid-hypothyroid	2214	32	2	0.119072708113804
heart-disease-hungarian	206	22	2	0.227272727272727
statlog-heart	189	13	2	0.234567901234568
iris	105	4	3	0.333333333333333
musk-1	333	166	2	0.48951048951049
primary-tumor	237	22	21	0.735294117647059
glass	150	9	6	0.71875
monks-1	124	15	2	0.5
monks-2	169	15	2	0.523148148148148
monks-3	122	15	2	0.398148148148148
balance-scale	438	4	3	0.347593582887701
multiclass-sample	4	3	2	1.0
thyroid-allhypo	2800	40	4	0.263374485596708
chess-krkp	2237	38	2	0.504692387904067
annealing	111	55	2	0.0
breast-cancer-wpbc	136	34	22	0.810344827586207
flags	136	48	6	0.603448275862069
trains	7	66	2	1.0
statlog-vehicle	94	18	4	0.648936170212766
thyroid-new	151	5	3	0.28125
wine	125	13	3	0.339622641509434
lymphography	104	18	4	0.454545454545455
thyroid-allhyper	2800	40	4	0.226337448559671
lenses	17	4	3	0.571428571428571
thyroid-dis	2800	40	2	0.216049382716049
