sonar	146	60	2	0.370967741935484
thyroid-allrep	2800	40	4	0.0380658436213992
voting-records	305	16	2	failed
isolet	6238	617	26	0.923027581783194
connect-4	47290	42	3	0.339566783441062
shuttle-landing-control	11	11	2	0.75
molecular-biology-splice	2233	244	3	0.371995820271682
chess-krk	19639	23	18	0.785553047404063
heart-disease-switzerland	86	22	5	0.540540540540541
breast-cancer-wisconsin	489	10	2	0.10952380952381
lung-cancer	22	58	3	0.8
soybean	307	69	19	0.736702127659574
neut_1..02.tiny	10024	5886	3	0.00861266294227188
ionosphere	246	34	2	0.19047619047619
heart-disease-cleveland	212	15	5	0.43956043956044
thyroid-ann	3772	21	3	0.0498833138856476
statlog-segment	1617	19	7	0.724386724386724
hayes-roth	92	4	3	0.525
thyroid-sick	2800	40	2	0.0617283950617284
letter-recognition	14000	16	26	0.932
hepatitis	109	34	2	0.130434782608696
tic-tac-toe	671	9	2	0.278745644599303
molecular-biology-promoters	74	228	2	0.15625
waveform	3500	21	3	0.431333333333333
statlog-german	700	59	2	0.313333333333333
thyroid-allbp	2800	40	3	0.044238683127572
vowel-context	693	13	11	0.841750841750842
horse-colic	299	116	3	0.298507462686567
waveform-noise	3500	40	3	0.420666666666667
sample-dataset2	4	3	3	1.0
jakefootball	127	0	3	0.581818181818182
image	210	19	7	0.714285714285714
jake-lungcancer-copy	22	58	3	0.8
breast-cancer-wdbc	398	31	535	1.0
thyroid-0387	6420	40	32	0.231831395348837
heart-disease-va	140	22	5	0.816666666666667
statlog-satimage	4435	36	6	0.5825
statlog-australian	483	38	2	0.144927536231884
mushroom	5687	111	2	0.10750923266311
sample-dataset	4	3	3	1.0
statlog-shuttle	43500	9	7	0.134344827586207
page-blocks	3831	10	5	0.0639464068209501
postoperative-patient-data	63	19	3	0.259259259259259
thyroid-euthyroid	2214	32	2	0.100105374077977
pima-indians-diabetes	538	8	2	0.369565217391304
credit-screening	483	44	2	0.120772946859903
musk-2	4619	166	2	0.154623547246084
breast-cancer	200	36	2	0.290697674418605
thyroid-hypothyroid	2214	32	2	0.0379346680716544
heart-disease-hungarian	206	22	2	0.272727272727273
statlog-heart	189	13	2	0.259259259259259
iris	105	4	3	0.311111111111111
musk-1	333	166	2	0.265734265734266
primary-tumor	237	22	21	0.735294117647059
glass	150	9	6	0.53125
monks-1	124	15	2	0.25
monks-2	169	15	2	0.328703703703704
monks-3	122	15	2	0.194444444444444
balance-scale	438	4	3	0.438502673796791
multiclass-sample	4	3	2	1.0
thyroid-allhypo	2800	40	4	0.0565843621399177
chess-krkp	2237	38	2	0.333680917622523
annealing	111	55	2	0.0
breast-cancer-wpbc	136	34	22	0.586206896551724
flags	136	48	6	0.53448275862069
trains	7	66	2	1.0
statlog-vehicle	94	18	4	0.606382978723404
thyroid-new	151	5	3	0.234375
wine	125	13	3	0.471698113207547
lymphography	104	18	4	0.318181818181818
thyroid-allhyper	2800	40	4	0.0349794238683128
lenses	17	4	3	0.571428571428571
thyroid-dis	2800	40	2	0.0133744855967078
