sonar	146	60	2	0.225806451612903
thyroid-allrep	2800	40	4	0.0133744855967078
voting-records	305	16	2	failed
isolet	6238	617	26	failed
connect-4	47290	42	3	0.245522277594119
shuttle-landing-control	11	11	2	0.75
molecular-biology-splice	2233	244	3	0.0783699059561129
chess-krk	19639	23	18	0.508257098728763
heart-disease-switzerland	86	22	5	0.540540540540541
breast-cancer-wisconsin	489	10	2	0.0523809523809524
lung-cancer	22	58	3	0.6
soybean	307	69	19	0.231382978723404
neut_1..02.tiny	10024	5886	3	0.00837988826815642
ionosphere	246	34	2	0.0952380952380952
heart-disease-cleveland	212	15	5	0.428571428571429
thyroid-ann	3772	21	3	0.0131271878646441
statlog-segment	1617	19	7	0.102453102453102
hayes-roth	92	4	3	0.425
thyroid-sick	2800	40	2	0.0246913580246914
letter-recognition	14000	16	26	0.368166666666667
hepatitis	109	34	2	0.108695652173913
tic-tac-toe	671	9	2	0.285714285714286
molecular-biology-promoters	74	228	2	0.1875
waveform	3500	21	3	0.284666666666667
statlog-german	700	59	2	0.293333333333333
thyroid-allbp	2800	40	3	0.0267489711934156
vowel-context	693	13	11	0.407407407407407
horse-colic	299	116	3	0.283582089552239
waveform-noise	3500	40	3	0.274666666666667
sample-dataset2	4	3	3	1.0
jakefootball	127	0	3	0.581818181818182
image	210	19	7	0.162380952380952
jake-lungcancer-copy	22	58	3	0.6
breast-cancer-wdbc	398	31	535	1.0
thyroid-0387	6420	40	32	0.105741279069767
heart-disease-va	140	22	5	0.816666666666667
statlog-satimage	4435	36	6	0.2095
statlog-australian	483	38	2	0.178743961352657
mushroom	5687	111	2	0.0
sample-dataset	4	3	3	1.0
statlog-shuttle	43500	9	7	0.00220689655172414
page-blocks	3831	10	5	0.0389768574908648
postoperative-patient-data	63	19	3	0.185185185185185
thyroid-euthyroid	2214	32	2	0.0273972602739726
pima-indians-diabetes	538	8	2	0.243478260869565
credit-screening	483	44	2	0.115942028985507
musk-2	4619	166	2	0.0768064679130874
breast-cancer	200	36	2	0.302325581395349
thyroid-hypothyroid	2214	32	2	0.0136986301369863
heart-disease-hungarian	206	22	2	0.181818181818182
statlog-heart	189	13	2	0.209876543209877
iris	105	4	3	0.111111111111111
musk-1	333	166	2	0.293706293706294
primary-tumor	237	22	21	0.666666666666667
glass	150	9	6	0.40625
monks-1	124	15	2	0.333333333333333
monks-2	169	15	2	0.328703703703704
monks-3	122	15	2	0.0277777777777778
balance-scale	438	4	3	0.245989304812834
multiclass-sample	4	3	2	1.0
thyroid-allhypo	2800	40	4	0.00720164609053498
chess-krkp	2237	38	2	0.0573514077163712
annealing	111	55	2	0.0
breast-cancer-wpbc	136	34	22	0.586206896551724
flags	136	48	6	0.310344827586207
trains	7	66	2	0.333333333333333
statlog-vehicle	94	18	4	0.468085106382979
thyroid-new	151	5	3	0.109375
wine	125	13	3	0.0754716981132075
lymphography	104	18	4	0.136363636363636
thyroid-allhyper	2800	40	4	0.0164609053497942
lenses	17	4	3	0.428571428571429
thyroid-dis	2800	40	2	0.0174897119341564
