sonar	146	60	2	0.354838709677419
thyroid-allrep	2800	40	4	0.01440329218107
voting-records	305	16	2	failed
isolet	6238	617	26	failed
connect-4	47290	42	3	0.209404450584694
shuttle-landing-control	11	11	2	0.75
molecular-biology-splice	2233	244	3	0.0553814002089864
chess-krk	19639	23	18	0.400855411666865
heart-disease-switzerland	86	22	5	0.540540540540541
breast-cancer-wisconsin	489	10	2	0.0714285714285714
lung-cancer	22	58	3	0.8
soybean	307	69	19	0.127659574468085
neut_1..02.tiny	10024	5886	3	0.00814711359404097
ionosphere	246	34	2	0.152380952380952
heart-disease-cleveland	212	15	5	0.406593406593407
thyroid-ann	3772	21	3	0.0116686114352392
statlog-segment	1617	19	7	0.051948051948052
input_for_eur_usd_pred	193	110	7	0.670731707317073
hayes-roth	92	4	3	0.35
thyroid-sick	2800	40	2	0.0226337448559671
letter-recognition	14000	16	26	0.237166666666667
hepatitis	109	34	2	0.195652173913043
tic-tac-toe	671	9	2	0.348432055749129
molecular-biology-promoters	74	228	2	0.0625
waveform	3500	21	3	0.254
blakhol_mc_test_5	8608	4	10	0.638926538357278
statlog-german	700	59	2	0.303333333333333
thyroid-allbp	2800	40	3	0.0308641975308642
vowel-context	693	13	11	0.276094276094276
horse-colic	299	116	3	0.223880597014925
waveform-noise	3500	40	3	0.238666666666667
sample-dataset2	4	3	3	1.0
jakefootball	127	0	3	0.581818181818182
image	210	19	7	0.101904761904762
jake-lungcancer-copy	22	58	3	0.8
breast-cancer-wdbc	398	31	535	1.0
thyroid-0387	6420	40	32	0.0788517441860465
heart-disease-va	140	22	5	0.816666666666667
statlog-satimage	4435	36	6	0.1675
statlog-australian	483	38	2	0.130434782608696
mushroom	5687	111	2	0.0
sample-dataset	4	3	3	1.0
statlog-shuttle	43500	9	7	0.00117241379310345
page-blocks	3831	10	5	0.0286236297198538
postoperative-patient-data	63	19	3	0.185185185185185
thyroid-euthyroid	2214	32	2	0.0379346680716544
pima-indians-diabetes	538	8	2	0.265217391304348
credit-screening	483	44	2	0.111111111111111
musk-2	4619	166	2	0.0424456796361799
breast-cancer	200	36	2	0.22093023255814
thyroid-hypothyroid	2214	32	2	0.0136986301369863
heart-disease-hungarian	206	22	2	0.170454545454545
statlog-heart	189	13	2	0.209876543209877
iris	105	4	3	0.111111111111111
musk-1	333	166	2	0.13986013986014
primary-tumor	237	22	21	0.647058823529412
glass	150	9	6	0.265625
monks-1	124	15	2	0.25
monks-2	169	15	2	0.328703703703704
monks-3	122	15	2	0.0277777777777778
balance-scale	438	4	3	0.219251336898396
multiclass-sample	4	3	2	1.0
thyroid-allhypo	2800	40	4	0.00720164609053498
chess-krkp	2237	38	2	0.0208550573514077
annealing	111	55	2	0.0
breast-cancer-wpbc	136	34	22	0.586206896551724
flags	136	48	6	0.275862068965517
trains	7	66	2	0.333333333333333
statlog-vehicle	94	18	4	0.478723404255319
thyroid-new	151	5	3	0.109375
wine	125	13	3	0.113207547169811
lymphography	104	18	4	0.204545454545455
thyroid-allhyper	2800	40	4	0.0195473251028807
lenses	17	4	3	0.571428571428571
thyroid-dis	2800	40	2	0.0133744855967078
