sonar	146	60	2	0.467741935483871
thyroid-allrep	2800	40	4	0.0380658436213992
voting-records	305	16	2	failed
isolet	6238	617	26	0.323925593329057
connect-4	47290	42	3	0.339517442147333
shuttle-landing-control	11	11	2	0.75
molecular-biology-splice	2233	244	3	0.640543364681296
chess-krk	19639	23	18	0.896756564096471
neut_1..005.tiny	10024	5886	3	0.313780260707635
heart-disease-switzerland	86	22	5	0.567567567567568
breast-cancer-wisconsin	489	10	2	0.104761904761905
lung-cancer	22	58	3	0.6
soybean	307	69	19	0.132978723404255
neut_1..02.tiny	10024	5886	3	0.00791433891992551
ionosphere	246	34	2	0.171428571428571
heart-disease-cleveland	212	15	5	0.450549450549451
thyroid-ann	3772	21	3	0.0641773628938156
statlog-segment	1617	19	7	0.171717171717172
hayes-roth	92	4	3	0.325
thyroid-sick	2800	40	2	0.0617283950617284
letter-recognition	14000	16	26	0.799833333333333
hepatitis	109	34	2	0.130434782608696
tic-tac-toe	671	9	2	0.355400696864112
molecular-biology-promoters	74	228	2	0.34375
waveform	3500	21	3	0.454666666666667
statlog-german	700	59	2	0.313333333333333
thyroid-allbp	2800	40	3	0.0308641975308642
neut_0..02.tiny	10024	5886	3	0.0223463687150838
vowel-context	693	13	11	0.579124579124579
horse-colic	299	116	3	0.582089552238806
waveform-noise	3500	40	3	0.528666666666667
sample-dataset2	4	3	3	0.5
jakefootball	127	0	3	0.6
image	210	19	7	0.167142857142857
jake-lungcancer-copy	22	58	3	0.6
breast-cancer-wdbc	398	31	535	1.0
thyroid-0387	6420	40	32	0.241642441860465
heart-disease-va	140	22	5	0.783333333333333
statlog-satimage	4435	36	6	0.52
statlog-australian	483	38	2	0.57487922705314
mushroom	5687	111	2	0.171112022979073
sample-dataset	4	3	3	0.5
statlog-shuttle	43500	9	7	0.00220689655172414
neut_0..01.tiny	10024	5886	3	0.181564245810056
page-blocks	3831	10	5	0.0736906211936663
postoperative-patient-data	63	19	3	0.185185185185185
thyroid-euthyroid	2214	32	2	0.499473129610116
pima-indians-diabetes	538	8	2	0.330434782608696
credit-screening	483	44	2	0.560386473429952
musk-2	4619	166	2	0.159171298635675
breast-cancer	200	36	2	0.290697674418605
thyroid-hypothyroid	2214	32	2	0.0958904109589041
heart-disease-hungarian	206	22	2	0.340909090909091
statlog-heart	189	13	2	0.506172839506173
iris	105	4	3	0.0888888888888889
musk-1	333	166	2	0.125874125874126
primary-tumor	237	22	21	0.735294117647059
neut_0..005.tiny	10024	5886	3	0.444366852886406
glass	150	9	6	0.390625
monks-1	124	15	2	0.416666666666667
monks-2	169	15	2	0.328703703703704
monks-3	122	15	2	0.222222222222222
balance-scale	438	4	3	0.780748663101604
multiclass-sample	4	3	2	0.5
neut_1..01.tiny	10024	5886	3	0.0868249534450652
thyroid-allhypo	2800	40	4	0.065843621399177
chess-krkp	2237	38	2	0.460896767466111
annealing	111	55	2	0.0
breast-cancer-wpbc	136	34	22	0.620689655172414
flags	136	48	6	0.46551724137931
simple-dataset	4	3	2	0.5
trains	7	66	2	0.333333333333333
statlog-vehicle	94	18	4	0.48936170212766
thyroid-new	151	5	3	0.078125
wine	125	13	3	0.0
lymphography	104	18	4	0.681818181818182
thyroid-allhyper	2800	40	4	0.0236625514403292
lenses	17	4	3	0.571428571428571
thyroid-dis	2800	40	2	0.0133744855967078
