HyperPipes_weka_nominalsonar	146	60	2	0.467741935483871
thyroid-allrep	2800	40	4	0.0380658436213992
voting-records	305	16	2	failed
isolet	6238	617	26	0.288005131494548
connect-4	47290	42	3	0.339566783441062
shuttle-landing-control	11	11	2	0.75
molecular-biology-splice	2233	244	3	0.640543364681296
chess-krk	19639	23	18	0.896637756920518
neut_1..005.tiny	10024	5886	3	0.312849162011173
heart-disease-switzerland	86	22	5	0.567567567567568
breast-cancer-wisconsin	489	10	2	0.10952380952381
lung-cancer	22	58	3	0.6
soybean	307	69	19	0.140957446808511
neut_1..02.tiny	10024	5886	3	0.00791433891992551
ionosphere	246	34	2	0.171428571428571
heart-disease-cleveland	212	15	5	0.43956043956044
thyroid-ann	3772	21	3	0.0647607934655776
statlog-segment	1617	19	7	0.184704184704185
hayes-roth	92	4	3	0.325
thyroid-sick	2800	40	2	0.0617283950617284
letter-recognition	14000	16	26	0.8005
hepatitis	109	34	2	0.108695652173913
tic-tac-toe	671	9	2	0.355400696864112
molecular-biology-promoters	74	228	2	0.34375
waveform	3500	21	3	0.458
statlog-german	700	59	2	0.313333333333333
thyroid-allbp	2800	40	3	0.0308641975308642
neut_0..02.tiny	10024	5886	3	0.0223463687150838
vowel-context	693	13	11	0.62962962962963
horse-colic	299	116	3	0.582089552238806
waveform-noise	3500	40	3	0.527333333333333
sample-dataset2	4	3	3	0.5
jakefootball	127	0	3	0.581818181818182
image	210	19	7	0.235714285714286
jake-lungcancer-copy	22	58	3	0.6
breast-cancer-wdbc	398	31	535	1.0
thyroid-0387	6420	40	32	0.244186046511628
heart-disease-va	140	22	5	0.783333333333333
statlog-satimage	4435	36	6	0.5215
statlog-australian	483	38	2	0.570048309178744
mushroom	5687	111	2	0.171112022979073
sample-dataset	4	3	3	0.5
statlog-shuttle	43500	9	7	0.00241379310344828
neut_0..01.tiny	10024	5886	3	0.182029795158287
page-blocks	3831	10	5	0.0767356881851401
postoperative-patient-data	63	19	3	0.185185185185185
thyroid-euthyroid	2214	32	2	0.499473129610116
pima-indians-diabetes	538	8	2	0.352173913043478
credit-screening	483	44	2	0.560386473429952
musk-2	4619	166	2	0.160687215765538
breast-cancer	200	36	2	0.27906976744186
thyroid-hypothyroid	2214	32	2	0.0958904109589041
heart-disease-hungarian	206	22	2	0.340909090909091
statlog-heart	189	13	2	0.518518518518518
iris	105	4	3	0.0888888888888889
musk-1	333	166	2	0.146853146853147
primary-tumor	237	22	21	0.735294117647059
neut_0..005.tiny	10024	5886	3	0.44366852886406
glass	150	9	6	0.40625
monks-1	124	15	2	0.5
monks-2	169	15	2	0.328703703703704
monks-3	122	15	2	0.472222222222222
balance-scale	438	4	3	0.925133689839572
multiclass-sample	4	3	2	0.5
neut_1..01.tiny	10024	5886	3	0.0870577281191806
thyroid-allhypo	2800	40	4	0.0668724279835391
chess-krkp	2237	38	2	0.460896767466111
annealing	111	55	2	0.0
breast-cancer-wpbc	136	34	22	0.620689655172414
flags	136	48	6	0.46551724137931
trains	7	66	2	0.333333333333333
statlog-vehicle	94	18	4	0.521276595744681
thyroid-new	151	5	3	0.140625
wine	125	13	3	0.0377358490566038
lymphography	104	18	4	0.681818181818182
thyroid-allhyper	2800	40	4	0.0226337448559671
lenses	17	4	3	0.428571428571429
thyroid-dis	2800	40	2	0.0133744855967078
