thyroid-allrep	2800	40	4	0.0421810699588477
isolet	6238	617	26	failed
random	1791	15	16	0.875
new york traffic 2008 all hours 7 days more readings	257	1779	7	0.690909090909091
mit-bih-arrhythmia	48405	8	3	0.221692111959288
heart-disease-hungarian	206	22	2	0.159090909090909
thyroid-sick	2800	40	2	0.0411522633744856
statlog-german	700	59	2	0.323333333333333
arcene2	70	11	2	0.233333333333333
vowel-context	693	13	11	0.0101010101010101
new york traffic 2008 6pm all days	256	48	7	0.663636363636364
Dif	315	2	3	0.111111111111111
jwr-products-2010-07-05	15194	11088	133	0.816326530612245
credit-screening	483	44	2	0.173913043478261
breast-cancer	200	36	2	0.27906976744186
monks-1	124	15	2	0.111111111111111
monks-2	169	15	2	0.3125
monks-3	122	15	2	0.104166666666667
balance-scale	438	4	3	0.192513368983957
simple-dataset-elo	4	3	2	0.5
sonar	146	60	2	0.0967741935483871
simple-dataset	4	3	2	0.5
thyroid-euthyroid	2214	32	2	0.0758693361433087
HIV identification_1	644	4	2	0.268115942028986
voting-records	305	16	2	failed
shuttle-landing-control	11	11	2	0.5
molecular-biology-splice	2233	244	3	0.317659352142111
Easy	245	2	3	0.0285714285714286
ionosphere	246	34	2	0.133333333333333
molecular-biology-promoters	74	228	2	0.34375
statlog-segment	1617	19	7	0.0461760461760462
transientsClassification	3991	80	58	failed
sample-dataset2	4	3	3	0.5
new york traffic 2008 6pm	256	48	2	0.118181818181818
hepatitis	109	34	2	0.0434782608695652
heart-disease-cleveland	212	15	5	0.450549450549451
waveform	3500	21	3	0.23
thyroid-allbp	2800	40	3	0.0349794238683128
breast-cancer-wdbc	398	31	535	1.0
thyroid-0387	6420	40	32	0.185683139534884
heart-disease-va	140	22	5	0.7
sample-dataset	4	3	3	0.5
page-blocks	3831	10	5	0.0401948842874543
musk-1	333	166	2	0.230769230769231
musk-2	4619	166	2	0.0404244567963618
neut_1..02.tiny	10024	5886	3	0.0114059590316574
iris	105	4	3	0.111111111111111
statlog-vehicle	94	18	4	0.361702127659574
breast-cancer-wisconsin	489	10	2	0.0476190476190476
lenses	17	4	3	0.0
test_fromwebsite	4	3	2	0.5
image	210	19	7	0.080952380952381
chess-krk	19639	23	18	0.450279196863491
soybean	307	69	19	0.11436170212766
statlog-heart	189	13	2	0.271604938271605
clinical_wsd	60284	38269	133	failed
connect-4	47290	42	3	0.18951990921202
horse-colic	299	116	3	0.328358208955224
waveform-noise	3500	40	3	0.251333333333333
mushroom	5687	111	2	0.0
postoperative-patient-data	63	19	3	0.296296296296296
glass	150	9	6	0.34375
jakefootball	127	0	3	0.545454545454545
thyroid-hypothyroid	2214	32	2	0.0263435194942044
manhattan_traffic	499211	5	7	failed
testamal	4	3	2	0.5
multiclass-sample	4	3	2	0.5
thyroid-allhypo	2800	40	4	0.0812757201646091
breast-cancer-wpbc	136	34	22	0.741379310344828
statlog-shuttle	43500	9	7	0.000620689655172414
lymphography	104	18	4	0.227272727272727
thyroid-dis	2800	40	2	0.0174897119341564
new york traffic 2008 6pm 7 days	256	48	7	0.663636363636364
chess-krkp	2237	38	2	0.0469238790406674
letter-recognition	14000	16	26	0.0458333333333333
lung-cancer	22	58	3	0.5
tic-tac-toe	671	9	2	0.0
Raw@rite	4	3	2	0.5
pssmOfprotein	1870	210	27	0.284644194756554
DataTest2H1	869	31	2	0.459677419354839
jake-lungcancer-copy	22	58	3	0.5
statlog-satimage	4435	36	6	0.11
statlog-australian	483	38	2	0.217391304347826
pima-indians-diabetes	538	8	2	0.3
thyroid-new	151	5	3	0.03125
thyroid-ann	3772	21	3	0.0872228704784131
new york traffic 2008 all hours 7 days	257	1110	7	0.509090909090909
mnistSmall	700	784	10	0.136666666666667
primary-tumor	237	22	21	0.627450980392157
SleepdataMulti	241	143	5	failed
testfromwebsite	4	3	2	0.5
ContactLenses	17	4	3	0.0
annealing	111	55	2	0.0
flags	136	48	6	0.5
trains	7	66	2	0.333333333333333
hayes-roth	92	4	3	0.325
heart-disease-switzerland	86	22	5	0.648648648648649
thyroid-allhyper	2800	40	4	0.0205761316872428
wine	125	13	3	0.0566037735849057
