JRip_weka_nominalsonar	146	60	2	0.241935483870968
thyroid-allrep	2800	40	4	0.00925925925925926
voting-records	305	16	2	failed
isolet	6238	617	26	failed
connect-4	47290	42	3	failed
shuttle-landing-control	11	11	2	0.75
molecular-biology-splice	2233	244	3	0.0553814002089864
chess-krk	19639	23	18	failed
heart-disease-switzerland	86	22	5	0.621621621621622
breast-cancer-wisconsin	489	10	2	0.0428571428571429
lung-cancer	22	58	3	0.8
soybean	307	69	19	0.13031914893617
neut_1..02.tiny	10024	5886	3	failed
ionosphere	246	34	2	0.142857142857143
heart-disease-cleveland	212	15	5	0.450549450549451
thyroid-ann	3772	21	3	0.00670945157526254
statlog-segment	1617	19	7	0.0331890331890332
hayes-roth	92	4	3	0.275
thyroid-sick	2800	40	2	0.0195473251028807
letter-recognition	14000	16	26	failed
hepatitis	109	34	2	0.152173913043478
tic-tac-toe	671	9	2	0.024390243902439
molecular-biology-promoters	74	228	2	0.125
waveform	3500	21	3	0.215333333333333
statlog-german	700	59	2	0.313333333333333
thyroid-allbp	2800	40	3	0.0452674897119342
vowel-context	693	13	11	0.272727272727273
horse-colic	299	116	3	0.223880597014925
waveform-noise	3500	40	3	0.202666666666667
sample-dataset2	4	3	3	1.0
jakefootball	127	0	3	0.509090909090909
image	210	19	7	0.137619047619048
jake-lungcancer-copy	22	58	3	0.8
breast-cancer-wdbc	398	31	535	1.0
thyroid-0387	6420	40	32	0.0694040697674419
heart-disease-va	140	22	5	0.816666666666667
statlog-satimage	4435	36	6	0.157
statlog-australian	483	38	2	0.14975845410628
mushroom	5687	111	2	0.0
sample-dataset	4	3	3	1.0
statlog-shuttle	43500	9	7	0.000482758620689655
page-blocks	3831	10	5	0.0316686967113276
postoperative-patient-data	63	19	3	0.185185185185185
thyroid-euthyroid	2214	32	2	0.0189673340358272
pima-indians-diabetes	538	8	2	0.221739130434783
credit-screening	483	44	2	0.120772946859903
musk-2	4619	166	2	0.0505305709954522
breast-cancer	200	36	2	0.290697674418605
thyroid-hypothyroid	2214	32	2	0.00842992623814542
heart-disease-hungarian	206	22	2	0.159090909090909
statlog-heart	189	13	2	0.283950617283951
iris	105	4	3	0.111111111111111
musk-1	333	166	2	0.223776223776224
primary-tumor	237	22	21	0.598039215686274
glass	150	9	6	0.375
monks-1	124	15	2	0.0277777777777778
monks-2	169	15	2	0.361111111111111
monks-3	122	15	2	0.0
balance-scale	438	4	3	0.192513368983957
multiclass-sample	4	3	2	1.0
thyroid-allhypo	2800	40	4	0.0113168724279835
chess-krkp	2237	38	2	0.0145985401459854
annealing	111	55	2	0.0
breast-cancer-wpbc	136	34	22	0.586206896551724
flags	136	48	6	0.413793103448276
trains	7	66	2	1.0
statlog-vehicle	94	18	4	0.457446808510638
thyroid-new	151	5	3	0.109375
wine	125	13	3	0.132075471698113
lymphography	104	18	4	0.181818181818182
thyroid-allhyper	2800	40	4	0.0185185185185185
lenses	17	4	3	0.285714285714286
thyroid-dis	2800	40	2	0.01440329218107
