thyroid-allrep	2800	40	4	0.0380658436213992
isolet	6238	617	26	failed
random	1791	15	16	0.875
new york traffic 2008 all hours 7 days more readings	257	1779	7	0.881818181818182
heart-disease-hungarian	206	22	2	0.215909090909091
thyroid-sick	2800	40	2	0.0432098765432099
statlog-german	700	59	2	0.313333333333333
arcene2	70	11	2	0.233333333333333
vowel-context	693	13	11	0.0235690235690236
new york traffic 2008 6pm all days	256	48	7	0.581818181818182
Dif	315	2	3	0.0888888888888889
jwr-products-2010-07-05	15194	11088	133	failed
credit-screening	483	44	2	0.207729468599034
breast-cancer	200	36	2	0.290697674418605
monks-1	124	15	2	0.0972222222222222
monks-2	169	15	2	0.321759259259259
monks-3	122	15	2	0.0763888888888889
balance-scale	438	4	3	0.122994652406417
simple-dataset-elo	4	3	2	0.5
sonar	146	60	2	0.17741935483871
simple-dataset	4	3	2	0.5
thyroid-euthyroid	2214	32	2	0.0642781875658588
HIV identification_1	644	4	2	0.228260869565217
voting-records	305	16	2	failed
shuttle-landing-control	11	11	2	0.5
molecular-biology-splice	2233	244	3	0.262277951933124
Easy	245	2	3	0.0380952380952381
ionosphere	246	34	2	0.19047619047619
molecular-biology-promoters	74	228	2	0.28125
statlog-segment	1617	19	7	0.0303030303030303
transientsClassification	3991	80	58	failed
sample-dataset2	4	3	3	0.5
new york traffic 2008 6pm	256	48	2	0.0636363636363636
hepatitis	109	34	2	0.130434782608696
heart-disease-cleveland	212	15	5	0.538461538461538
waveform	3500	21	3	0.233333333333333
thyroid-allbp	2800	40	3	0.0318930041152263
breast-cancer-wdbc	398	31	535	1.0
thyroid-0387	6420	40	32	0.167877906976744
heart-disease-va	140	22	5	0.666666666666667
sample-dataset	4	3	3	0.5
page-blocks	3831	10	5	0.0304506699147381
musk-1	333	166	2	0.573426573426573
musk-2	4619	166	2	0.129358261748358
neut_1..02.tiny	10024	5886	3	failed
iris	105	4	3	0.111111111111111
statlog-vehicle	94	18	4	0.319148936170213
breast-cancer-wisconsin	489	10	2	0.0476190476190476
lenses	17	4	3	0.142857142857143
test_fromwebsite	4	3	2	0.5
image	210	19	7	0.0738095238095238
chess-krk	19639	23	18	0.37400498990139
soybean	307	69	19	0.0824468085106383
statlog-heart	189	13	2	0.259259259259259
clinical_wsd	60284	38269	133	failed
connect-4	47290	42	3	failed
horse-colic	299	116	3	0.373134328358209
waveform-noise	3500	40	3	0.263333333333333
mushroom	5687	111	2	0.0
postoperative-patient-data	63	19	3	0.296296296296296
glass	150	9	6	0.25
jakefootball	127	0	3	0.563636363636364
thyroid-hypothyroid	2214	32	2	0.0189673340358272
manhattan_traffic	499211	5	7	failed
testamal	4	3	2	0.5
multiclass-sample	4	3	2	0.5
thyroid-allhypo	2800	40	4	0.0524691358024691
breast-cancer-wpbc	136	34	22	0.758620689655172
statlog-shuttle	43500	9	7	0.000620689655172414
lymphography	104	18	4	0.181818181818182
thyroid-dis	2800	40	2	0.0164609053497942
new york traffic 2008 6pm 7 days	256	48	7	0.581818181818182
chess-krkp	2237	38	2	0.040667361835245
letter-recognition	14000	16	26	0.0481666666666667
lung-cancer	22	58	3	0.4
tic-tac-toe	671	9	2	0.0104529616724739
Raw@rite	4	3	2	0.5
DataTest2H1	869	31	2	0.505376344086022
jake-lungcancer-copy	22	58	3	0.4
statlog-satimage	4435	36	6	0.1015
statlog-australian	483	38	2	0.193236714975845
pima-indians-diabetes	538	8	2	0.321739130434783
thyroid-new	151	5	3	0.078125
thyroid-ann	3772	21	3	0.0498833138856476
new york traffic 2008 all hours 7 days	257	1110	7	0.881818181818182
mnistSmall	700	784	10	0.916666666666667
primary-tumor	237	22	21	0.617647058823529
SleepdataMulti	241	143	5	failed
testfromwebsite	4	3	2	0.5
ContactLenses	17	4	3	0.142857142857143
annealing	111	55	2	0.0666666666666667
flags	136	48	6	0.379310344827586
trains	7	66	2	0.333333333333333
hayes-roth	92	4	3	0.5
heart-disease-switzerland	86	22	5	0.648648648648649
thyroid-allhyper	2800	40	4	0.0154320987654321
wine	125	13	3	0.0188679245283019
