thyroid-allrep	2800	40	4	0.0329218106995885
isolet	6238	617	26	failed
random	1791	15	16	0.875
new york traffic 2008 all hours 7 days more readings	257	1779	7	failed
heart-disease-hungarian	206	22	2	0.136363636363636
thyroid-sick	2800	40	2	0.0390946502057613
blakhol_mc_test_5	8608	4	10	0.642721604770941
statlog-german	700	59	2	0.253333333333333
arcene2	70	11	2	0.433333333333333
vowel-context	693	13	11	0.306397306397306
new york traffic 2008 6pm all days	256	48	7	0.545454545454545
Dif	315	2	3	0.0888888888888889
jwr-products-2010-07-05	15194	11088	133	failed
credit-screening	483	44	2	0.135265700483092
breast-cancer	200	36	2	0.302325581395349
monks-1	124	15	2	0.289351851851852
monks-2	169	15	2	0.384259259259259
monks-3	122	15	2	0.0277777777777778
balance-scale	438	4	3	0.112299465240642
simple-dataset-elo	4	3	2	0.5
sonar	146	60	2	0.258064516129032
simple-dataset	4	3	2	0.5
thyroid-euthyroid	2214	32	2	0.0463645943097998
HIV identification_1	644	4	2	0.235507246376812
voting-records	305	16	2	failed
shuttle-landing-control	11	11	2	0.25
molecular-biology-splice	2233	244	3	0.101358411703239
Easy	245	2	3	0.0285714285714286
ionosphere	246	34	2	0.152380952380952
molecular-biology-promoters	74	228	2	0.21875
statlog-segment	1617	19	7	0.051948051948052
transientsClassification	3991	80	58	failed
sample-dataset2	4	3	3	0.5
new york traffic 2008 6pm	256	48	2	0.0818181818181818
hepatitis	109	34	2	0.0434782608695652
heart-disease-cleveland	212	15	5	0.395604395604396
waveform	3500	21	3	0.122666666666667
thyroid-allbp	2800	40	3	0.0318930041152263
breast-cancer-wdbc	398	31	535	failed
thyroid-0387	6420	40	32	failed
heart-disease-va	140	22	5	0.7
sample-dataset	4	3	3	0.5
page-blocks	3831	10	5	0.0347137637028015
musk-1	333	166	2	0.188811188811189
musk-2	4619	166	2	0.0464881253158161
neut_1..02.tiny	10024	5886	3	failed
iris	105	4	3	0.0666666666666667
statlog-vehicle	94	18	4	0.319148936170213
breast-cancer-wisconsin	489	10	2	0.0380952380952381
lenses	17	4	3	0.142857142857143
test_fromwebsite	4	3	2	0.5
image	210	19	7	0.119047619047619
chess-krk	19639	23	18	0.674587145063562
soybean	307	69	19	0.154255319148936
statlog-heart	189	13	2	0.160493827160494
clinical_wsd	60284	38269	133	failed
connect-4	47290	42	3	0.248680120392757
horse-colic	299	116	3	0.402985074626866
waveform-noise	3500	40	3	0.121333333333333
mushroom	5687	111	2	0.0
postoperative-patient-data	63	19	3	0.37037037037037
glass	150	9	6	0.359375
jakefootball	127	0	3	0.418181818181818
thyroid-hypothyroid	2214	32	2	0.0200210748155954
manhattan_traffic	499211	5	7	0.841559631312282
testamal	4	3	2	0.5
multiclass-sample	4	3	2	0.5
thyroid-allhypo	2800	40	4	0.0339506172839506
breast-cancer-wpbc	136	34	22	0.810344827586207
statlog-shuttle	43500	9	7	0.031448275862069
lymphography	104	18	4	0.159090909090909
thyroid-dis	2800	40	2	0.01440329218107
new york traffic 2008 6pm 7 days	256	48	7	0.545454545454545
chess-krkp	2237	38	2	0.0281543274244004
letter-recognition	14000	16	26	0.2385
lung-cancer	22	58	3	0.5
tic-tac-toe	671	9	2	0.0209059233449477
Raw@rite	4	3	2	0.5
DataTest2H1	869	31	2	0.446236559139785
jake-lungcancer-copy	22	58	3	0.5
statlog-satimage	4435	36	6	0.1625
statlog-australian	483	38	2	0.159420289855072
pima-indians-diabetes	538	8	2	0.239130434782609
thyroid-new	151	5	3	0.046875
thyroid-ann	3772	21	3	0.0405484247374562
new york traffic 2008 all hours 7 days	257	1110	7	failed
mnistSmall	700	784	10	failed
primary-tumor	237	22	21	0.607843137254902
SleepdataMulti	241	143	5	failed
testfromwebsite	4	3	2	0.5
ContactLenses	17	4	3	0.142857142857143
annealing	111	55	2	0.0
flags	136	48	6	0.448275862068966
trains	7	66	2	0.333333333333333
hayes-roth	92	4	3	0.375
heart-disease-switzerland	86	22	5	0.702702702702703
thyroid-allhyper	2800	40	4	0.0174897119341564
wine	125	13	3	0.0566037735849057
