LogitBoost_weka_nominalthyroid-allrep	2800	40	4	0.0113168724279835
isolet	6238	617	26	failed
random	1791	15	16	0.875
new york traffic 2008 all hours 7 days more readings	257	1779	7	0.181818181818182
mit-bih-arrhythmia	48405	8	3	0.0791772688719254
heart-disease-hungarian	206	22	2	0.170454545454545
thyroid-sick	2800	40	2	0.0236625514403292
blakhol_mc_test_5	8608	4	10	0.651938194632692
statlog-german	700	59	2	0.293333333333333
arcene2	70	11	2	0.233333333333333
vowel-context	693	13	11	0.286195286195286
pssmOfprotein	1870	210	27	0.446941323345818
new york traffic 2008 6pm all days	256	48	7	0.445454545454545
Dif	315	2	3	0.133333333333333
jwr-products-2010-07-05	15194	11088	133	failed
credit-screening	483	44	2	0.106280193236715
breast-cancer	200	36	2	0.27906976744186
neut_1..005.tiny	10024	5886	3	0.327048417132216
monks-1	124	15	2	0.305555555555556
monks-2	169	15	2	0.386574074074074
monks-3	122	15	2	0.0277777777777778
balance-scale	438	4	3	0.106951871657754
simple-dataset-elo	4	3	2	0.5
sonar	146	60	2	0.161290322580645
simple-dataset	4	3	2	0.5
thyroid-euthyroid	2214	32	2	0.0263435194942044
HIV identification_1	644	4	2	0.221014492753623
voting-records	305	16	2	failed
shuttle-landing-control	11	11	2	0.25
molecular-biology-splice	2233	244	3	0.0564263322884013
Easy	245	2	3	0.0285714285714286
ionosphere	246	34	2	0.0952380952380952
molecular-biology-promoters	74	228	2	0.125
statlog-segment	1617	19	7	0.0404040404040404
transientsClassification	3991	80	58	failed
sample-dataset2	4	3	3	0.5
new york traffic 2008 6pm	256	48	2	0.0272727272727273
hepatitis	109	34	2	0.0869565217391304
heart-disease-cleveland	212	15	5	0.373626373626374
waveform	3500	21	3	0.170666666666667
thyroid-allbp	2800	40	3	0.0267489711934156
breast-cancer-wdbc	398	31	535	1.0
thyroid-0387	6420	40	32	0.0806686046511628
heart-disease-va	140	22	5	0.716666666666667
sample-dataset	4	3	3	0.5
page-blocks	3831	10	5	0.0243605359317905
musk-1	333	166	2	0.202797202797203
musk-2	4619	166	2	0.088933804951996
neut_1..02.tiny	10024	5886	3	0.00814711359404097
iris	105	4	3	0.111111111111111
neut_0..02.tiny	10024	5886	3	0.0223463687150838
statlog-vehicle	94	18	4	0.361702127659574
breast-cancer-wisconsin	489	10	2	0.0571428571428571
lenses	17	4	3	0.142857142857143
test_fromwebsite	4	3	2	0.5
image	210	19	7	0.0676190476190476
chess-krk	19639	23	18	0.67209219436854
soybean	307	69	19	0.0930851063829787
statlog-heart	189	13	2	0.197530864197531
clinical_wsd	60284	38269	133	failed
connect-4	47290	42	3	0.292347165342675
horse-colic	299	116	3	0.26865671641791
waveform-noise	3500	40	3	0.174
mushroom	5687	111	2	0.000820681165367255
NY Traffic R11 2008 Weekday/Weekend popular roads normalized	257	603	2	0.0181818181818182
postoperative-patient-data	63	19	3	0.259259259259259
glass	150	9	6	0.28125
jakefootball	127	0	3	0.509090909090909
thyroid-hypothyroid	2214	32	2	0.0126448893572181
manhattan_traffic	499211	5	7	failed
testamal	4	3	2	0.5
blakhol_mc_test_5000	3500	5	4	0.520666666666667
neut_0..005.tiny	10024	5886	3	failed
multiclass-sample	4	3	2	0.5
thyroid-allhypo	2800	40	4	0.0051440329218107
breast-cancer-wpbc	136	34	22	0.637931034482759
statlog-shuttle	43500	9	7	0.000482758620689655
lymphography	104	18	4	0.0681818181818182
thyroid-dis	2800	40	2	0.01440329218107
new york traffic 2008 6pm 7 days	256	48	7	0.445454545454545
neut_1..01.tiny	10024	5886	3	0.0917132216014898
neut_0..01.tiny	10024	5886	3	0.177839851024209
chess-krkp	2237	38	2	0.0604796663190824
letter-recognition	14000	16	26	0.269166666666667
lung-cancer	22	58	3	0.5
tic-tac-toe	671	9	2	0.264808362369338
Raw@rite	4	3	2	0.5
NY Traffic R11 2008 all days popular roads normalized with s	257	603	7	0.263636363636364
DataTest2H1	869	31	2	0.5
jake-lungcancer-copy	22	58	3	0.5
statlog-satimage	4435	36	6	0.153
statlog-australian	483	38	2	0.14975845410628
pima-indians-diabetes	538	8	2	0.239130434782609
thyroid-new	151	5	3	0.109375
thyroid-ann	3772	21	3	0.00670945157526254
new york traffic 2008 all hours 7 days	257	1110	7	0.109090909090909
mnistSmall	700	784	10	0.22
primary-tumor	237	22	21	0.549019607843137
SleepdataMulti	241	143	5	failed
testfromwebsite	4	3	2	0.5
ContactLenses	17	4	3	0.142857142857143
annealing	111	55	2	0.0
flags	136	48	6	0.258620689655172
trains	7	66	2	0.333333333333333
hayes-roth	92	4	3	0.15
heart-disease-switzerland	86	22	5	0.756756756756757
thyroid-allhyper	2800	40	4	0.0154320987654321
wine	125	13	3	0.0566037735849057
