LWL_weka_nominalsonar	146	60	2	0.258064516129032
thyroid-allrep	2800	40	4	0.0380658436213992
voting-records	305	16	2	failed
isolet	6238	617	26	failed
connect-4	47290	42	3	failed
shuttle-landing-control	11	11	2	0.75
molecular-biology-splice	2233	244	3	0.213166144200627
chess-krk	19639	23	18	0.78127598906974
heart-disease-switzerland	86	22	5	0.621621621621622
breast-cancer-wisconsin	489	10	2	0.104761904761905
lung-cancer	22	58	3	0.3
soybean	307	69	19	0.587765957446808
neut_1..02.tiny	10024	5886	3	failed
ionosphere	246	34	2	0.161904761904762
heart-disease-cleveland	212	15	5	0.483516483516484
thyroid-ann	3772	21	3	0.0498833138856476
statlog-segment	1617	19	7	0.209235209235209
hayes-roth	92	4	3	0.25
thyroid-sick	2800	40	2	0.0617283950617284
letter-recognition	14000	16	26	0.5955
hepatitis	109	34	2	0.130434782608696
tic-tac-toe	671	9	2	0.264808362369338
molecular-biology-promoters	74	228	2	0.25
waveform	3500	21	3	0.447333333333333
statlog-german	700	59	2	0.313333333333333
thyroid-allbp	2800	40	3	0.0308641975308642
vowel-context	693	13	11	0.676767676767677
horse-colic	299	116	3	0.313432835820896
waveform-noise	3500	40	3	0.418
sample-dataset2	4	3	3	0.5
jakefootball	127	0	3	0.563636363636364
image	210	19	7	0.176666666666667
jake-lungcancer-copy	22	58	3	0.3
breast-cancer-wdbc	398	31	535	1.0
thyroid-0387	6420	40	32	0.231831395348837
heart-disease-va	140	22	5	0.766666666666667
statlog-satimage	4435	36	6	0.279
statlog-australian	483	38	2	0.144927536231884
mushroom	5687	111	2	0.0599097250718096
sample-dataset	4	3	3	0.5
statlog-shuttle	43500	9	7	failed
page-blocks	3831	10	5	0.0639464068209501
postoperative-patient-data	63	19	3	0.185185185185185
thyroid-euthyroid	2214	32	2	0.100105374077977
pima-indians-diabetes	538	8	2	0.247826086956522
credit-screening	483	44	2	0.120772946859903
musk-2	4619	166	2	0.149570490146539
breast-cancer	200	36	2	0.27906976744186
thyroid-hypothyroid	2214	32	2	0.0210748155953635
heart-disease-hungarian	206	22	2	0.204545454545455
statlog-heart	189	13	2	0.296296296296296
iris	105	4	3	0.111111111111111
musk-1	333	166	2	0.286713286713287
primary-tumor	237	22	21	0.676470588235294
glass	150	9	6	0.59375
monks-1	124	15	2	0.25
monks-2	169	15	2	0.342592592592593
monks-3	122	15	2	0.0277777777777778
balance-scale	438	4	3	0.385026737967914
multiclass-sample	4	3	2	0.5
thyroid-allhypo	2800	40	4	0.0565843621399177
chess-krkp	2237	38	2	0.280500521376434
annealing	111	55	2	0.0
breast-cancer-wpbc	136	34	22	0.586206896551724
flags	136	48	6	0.413793103448276
trains	7	66	2	0.333333333333333
statlog-vehicle	94	18	4	0.446808510638298
thyroid-new	151	5	3	0.203125
wine	125	13	3	0.0754716981132075
lymphography	104	18	4	0.159090909090909
thyroid-allhyper	2800	40	4	0.0216049382716049
lenses	17	4	3	0.142857142857143
thyroid-dis	2800	40	2	0.0133744855967078
