thyroid-allrep	2800	40	4	0.0390946502057613
isolet	6238	617	26	failed
random	1791	15	16	0.875
new york traffic 2008 all hours 7 days more readings	257	1779	7	failed
heart-disease-hungarian	206	22	2	0.170454545454545
thyroid-sick	2800	40	2	0.0288065843621399
statlog-german	700	59	2	0.253333333333333
arcene2	70	11	2	0.233333333333333
vowel-context	693	13	11	0.198653198653199
new york traffic 2008 6pm all days	256	48	7	0.518181818181818
Dif	315	2	3	0.111111111111111
jwr-products-2010-07-05	15194	11088	133	failed
credit-screening	483	44	2	0.173913043478261
breast-cancer	200	36	2	0.27906976744186
neut_1..005.tiny	10024	5886	3	failed
monks-1	124	15	2	0.0
monks-2	169	15	2	0.0
monks-3	122	15	2	0.0648148148148148
balance-scale	438	4	3	0.101604278074866
simple-dataset-elo	4	3	2	0.5
sonar	146	60	2	0.161290322580645
simple-dataset	4	3	2	0.5
thyroid-euthyroid	2214	32	2	0.0379346680716544
HIV identification_1	644	4	2	0.217391304347826
voting-records	305	16	2	failed
shuttle-landing-control	11	11	2	0.5
molecular-biology-splice	2233	244	3	0.0459770114942529
Easy	245	2	3	0.0285714285714286
ionosphere	246	34	2	0.104761904761905
molecular-biology-promoters	74	228	2	0.15625
statlog-segment	1617	19	7	0.0346320346320346
transientsClassification	3991	80	58	failed
sample-dataset2	4	3	3	0.5
new york traffic 2008 6pm	256	48	2	0.0727272727272727
hepatitis	109	34	2	0.0434782608695652
heart-disease-cleveland	212	15	5	0.472527472527473
waveform	3500	21	3	0.150666666666667
thyroid-allbp	2800	40	3	0.0298353909465021
breast-cancer-wdbc	398	31	535	failed
thyroid-0387	6420	40	32	0.17078488372093
heart-disease-va	140	22	5	0.75
sample-dataset	4	3	3	0.5
page-blocks	3831	10	5	0.0426309378806334
musk-1	333	166	2	0.0839160839160839
musk-2	4619	166	2	0.00252652854977261
neut_1..02.tiny	10024	5886	3	failed
iris	105	4	3	0.0888888888888889
neut_0..02.tiny	10024	5886	3	failed
statlog-vehicle	94	18	4	0.340425531914894
breast-cancer-wisconsin	489	10	2	0.0428571428571429
lenses	17	4	3	0.142857142857143
test_fromwebsite	4	3	2	0.5
image	210	19	7	0.0833333333333333
chess-krk	19639	23	18	0.458833313532137
soybean	307	69	19	0.106382978723404
statlog-heart	189	13	2	0.246913580246914
input_for_eur_usd_pred	193	110	7	0.74390243902439
clinical_wsd	60284	38269	133	failed
connect-4	47290	42	3	0.19450337987862
horse-colic	299	116	3	0.298507462686567
waveform-noise	3500	40	3	0.163333333333333
mushroom	5687	111	2	0.0
NY Traffic R11 2008 Weekday/Weekend popular roads normalized	257	603	2	failed
postoperative-patient-data	63	19	3	0.333333333333333
glass	150	9	6	0.328125
jakefootball	127	0	3	0.4
thyroid-hypothyroid	2214	32	2	0.0200210748155954
manhattan_traffic	499211	5	7	0.841634415839363
testamal	4	3	2	0.5
neut_0..005.tiny	10024	5886	3	failed
multiclass-sample	4	3	2	0.5
thyroid-allhypo	2800	40	4	0.0360082304526749
breast-cancer-wpbc	136	34	22	0.689655172413793
statlog-shuttle	43500	9	7	0.0023448275862069
lymphography	104	18	4	0.204545454545455
thyroid-dis	2800	40	2	0.0164609053497942
new york traffic 2008 6pm 7 days	256	48	7	0.518181818181818
neut_1..01.tiny	10024	5886	3	failed
neut_0..01.tiny	10024	5886	3	failed
chess-krkp	2237	38	2	0.0072992700729927
letter-recognition	14000	16	26	0.1775
lung-cancer	22	58	3	0.6
tic-tac-toe	671	9	2	0.0209059233449477
Raw@rite	4	3	2	0.5
NY Traffic R11 2008 all days popular roads normalized with s	257	603	7	failed
DataTest2H1	869	31	2	0.551075268817204
jake-lungcancer-copy	22	58	3	0.6
statlog-satimage	4435	36	6	0.1255
statlog-australian	483	38	2	0.183574879227053
pima-indians-diabetes	538	8	2	0.239130434782609
thyroid-new	151	5	3	0.21875
thyroid-ann	3772	21	3	0.0490081680280047
new york traffic 2008 all hours 7 days	257	1110	7	failed
mnistSmall	700	784	10	failed
primary-tumor	237	22	21	0.617647058823529
SleepdataMulti	241	143	5	failed
testfromwebsite	4	3	2	0.5
ContactLenses	17	4	3	0.142857142857143
annealing	111	55	2	0.0
flags	136	48	6	0.431034482758621
trains	7	66	2	0.333333333333333
hayes-roth	92	4	3	0.325
heart-disease-switzerland	86	22	5	0.621621621621622
thyroid-allhyper	2800	40	4	0.0195473251028807
wine	125	13	3	0.0377358490566038
