sonar	146	60	2	0.129032258064516
thyroid-allrep	2800	40	4	0.0432098765432099
voting-records	305	16	2	0.0538461538461538
isolet	6238	617	26	failed
connect-4	47290	42	3	failed
shuttle-landing-control	11	11	2	0.25
molecular-biology-splice	2233	244	3	0.298850574712644
chess-krk	19639	23	18	failed
heart-disease-switzerland	86	22	5	0.72972972972973
breast-cancer-wisconsin	489	10	2	0.0380952380952381
lung-cancer	22	58	3	0.3
soybean	307	69	19	0.111702127659574
neut_1..02.tiny	10024	5886	3	failed
ionosphere	246	34	2	0.142857142857143
heart-disease-cleveland	212	15	5	0.681318681318681
thyroid-ann	3772	21	3	0.0802217036172695
statlog-segment	1617	19	7	0.0447330447330447
input_for_eur_usd_pred	193	110	7	0.646341463414634
hayes-roth	92	4	3	0.275
thyroid-sick	2800	40	2	0.0946502057613169
sample-dataset	4	3	3	0.5
letter-recognition	14000	16	26	failed
hepatitis	109	34	2	0.304347826086957
tic-tac-toe	671	9	2	0.0
molecular-biology-promoters	74	228	2	0.375
waveform	3500	21	3	0.225333333333333
pssmOfprotein	1870	210	27	failed
statlog-german	700	59	2	0.396666666666667
thyroid-allbp	2800	40	3	0.0421810699588477
vowel-context	693	13	11	0.0101010101010101
horse-colic	299	116	3	0.343283582089552
waveform-noise	3500	40	3	0.224666666666667
sample-dataset2	4	3	3	0.5
image	210	19	7	0.123333333333333
jake-lungcancer-copy	22	58	3	0.3
breast-cancer-wdbc	398	31	535	1.0
thyroid-0387	6420	40	32	0.240915697674419
heart-disease-va	140	22	5	0.733333333333333
statlog-satimage	4435	36	6	0.1055
statlog-australian	483	38	2	0.328502415458937
mushroom	5687	111	2	0.0
jakefootball	127	0	3	0.563636363636364
statlog-shuttle	43500	9	7	failed
page-blocks	3831	10	5	0.0420219244823386
postoperative-patient-data	63	19	3	0.481481481481481
thyroid-euthyroid	2214	32	2	0.114857744994731
pima-indians-diabetes	538	8	2	0.347826086956522
credit-screening	483	44	2	0.352657004830918
musk-2	4619	166	2	failed
breast-cancer	200	36	2	0.209302325581395
thyroid-hypothyroid	2214	32	2	0.0168598524762908
heart-disease-hungarian	206	22	2	0.295454545454545
statlog-heart	189	13	2	0.395061728395062
iris	105	4	3	0.0888888888888889
mnistSmall	700	784	10	0.16
musk-1	333	166	2	0.216783216783217
primary-tumor	237	22	21	0.676470588235294
glass	150	9	6	0.359375
monks-1	124	15	2	0.25
monks-2	169	15	2	0.240740740740741
monks-3	122	15	2	0.1875
balance-scale	438	4	3	0.224598930481283
multiclass-sample	4	3	2	0.5
thyroid-allhypo	2800	40	4	0.044238683127572
chess-krkp	2237	38	2	0.158498435870699
annealing	111	55	2	0.0666666666666667
breast-cancer-wpbc	136	34	22	0.706896551724138
flags	136	48	6	0.637931034482759
simple-dataset	4	3	2	0.5
trains	7	66	2	0.333333333333333
statlog-vehicle	94	18	4	0.351063829787234
thyroid-new	151	5	3	0.078125
wine	125	13	3	0.245283018867925
lymphography	104	18	4	0.25
thyroid-allhyper	2800	40	4	0.0329218106995885
lenses	17	4	3	0.285714285714286
thyroid-dis	2800	40	2	0.0205761316872428
