OneR_weka_nominalsonar	146	60	2	0.32258064516129
thyroid-allrep	2800	40	4	0.0380658436213992
voting-records	305	16	2	failed
isolet	6238	617	26	0.864656831302117
connect-4	47290	42	3	0.33616223417378
shuttle-landing-control	11	11	2	0.75
molecular-biology-splice	2233	244	3	0.363636363636364
chess-krk	19639	23	18	0.757752168230961
neut_1..005.tiny	10024	5886	3	0.330307262569832
heart-disease-switzerland	86	22	5	0.702702702702703
breast-cancer-wisconsin	489	10	2	0.0904761904761905
lung-cancer	22	58	3	0.6
soybean	307	69	19	0.683510638297872
neut_1..02.tiny	10024	5886	3	0.00814711359404097
ionosphere	246	34	2	0.133333333333333
heart-disease-cleveland	212	15	5	0.494505494505495
thyroid-ann	3772	21	3	0.0393815635939323
statlog-segment	1617	19	7	0.369408369408369
hayes-roth	92	4	3	0.5
thyroid-sick	2800	40	2	0.0401234567901235
letter-recognition	14000	16	26	0.828333333333333
hepatitis	109	34	2	0.108695652173913
tic-tac-toe	671	9	2	0.278745644599303
molecular-biology-promoters	74	228	2	0.21875
waveform	3500	21	3	0.467333333333333
statlog-german	700	59	2	0.35
thyroid-allbp	2800	40	3	0.0298353909465021
neut_0..02.tiny	10024	5886	3	0.0242085661080074
vowel-context	693	13	11	0.666666666666667
horse-colic	299	116	3	0.343283582089552
waveform-noise	3500	40	3	0.445333333333333
sample-dataset2	4	3	3	1.0
jakefootball	127	0	3	0.509090909090909
image	210	19	7	0.42
jake-lungcancer-copy	22	58	3	0.6
breast-cancer-wdbc	398	31	535	1.0
thyroid-0387	6420	40	32	0.215843023255814
heart-disease-va	140	22	5	0.733333333333333
statlog-satimage	4435	36	6	0.412
statlog-australian	483	38	2	0.144927536231884
mushroom	5687	111	2	0.115716044316783
sample-dataset	4	3	3	1.0
statlog-shuttle	43500	9	7	0.0537241379310345
neut_0..01.tiny	10024	5886	3	0.180633147113594
page-blocks	3831	10	5	0.0602923264311815
postoperative-patient-data	63	19	3	0.222222222222222
thyroid-euthyroid	2214	32	2	0.0600632244467861
pima-indians-diabetes	538	8	2	0.247826086956522
credit-screening	483	44	2	0.120772946859903
musk-2	4619	166	2	0.0980293077311774
breast-cancer	200	36	2	0.290697674418605
thyroid-hypothyroid	2214	32	2	0.029504741833509
heart-disease-hungarian	206	22	2	0.159090909090909
statlog-heart	189	13	2	0.259259259259259
iris	105	4	3	0.111111111111111
musk-1	333	166	2	0.356643356643357
primary-tumor	237	22	21	0.725490196078431
neut_0..005.tiny	10024	5886	3	0.340782122905028
glass	150	9	6	0.46875
monks-1	124	15	2	0.25
monks-2	169	15	2	0.328703703703704
monks-3	122	15	2	0.194444444444444
balance-scale	438	4	3	0.385026737967914
multiclass-sample	4	3	2	1.0
neut_1..01.tiny	10024	5886	3	0.0914804469273743
thyroid-allhypo	2800	40	4	0.0390946502057613
chess-krkp	2237	38	2	0.327424400417101
annealing	111	55	2	0.0
breast-cancer-wpbc	136	34	22	0.637931034482759
flags	136	48	6	0.448275862068966
trains	7	66	2	1.0
statlog-vehicle	94	18	4	0.48936170212766
thyroid-new	151	5	3	0.109375
wine	125	13	3	0.207547169811321
lymphography	104	18	4	0.204545454545455
thyroid-allhyper	2800	40	4	0.0329218106995885
lenses	17	4	3	0.571428571428571
thyroid-dis	2800	40	2	0.0133744855967078
