sonar	146	60	2	0.290322580645161
thyroid-allrep	2800	40	4	0.0380658436213992
voting-records	305	16	2	0.0384615384615385
isolet	6238	617	26	failed
connect-4	47290	42	3	0.603295998421079
shuttle-landing-control	11	11	2	0.5
molecular-biology-splice	2233	244	3	0.141065830721003
chess-krk	19639	23	18	0.827848402043483
heart-disease-switzerland	86	22	5	0.918918918918919
breast-cancer-wisconsin	489	10	2	0.176190476190476
lung-cancer	22	58	3	0.6
soybean	307	69	19	0.11968085106383
ionosphere	246	34	2	0.40952380952381
heart-disease-cleveland	212	15	5	0.549450549450549
thyroid-ann	3772	21	3	0.088389731621937
statlog-segment	1617	19	7	0.265512265512266
hayes-roth	92	4	3	0.65
thyroid-sick	2800	40	2	0.0617283950617284
letter-recognition	14000	16	26	0.702166666666667
annealing	111	55	2	0.4
hepatitis	109	34	2	0.58695652173913
tic-tac-toe	671	9	2	0.142857142857143
molecular-biology-promoters	74	228	2	0.28125
waveform	3500	21	3	0.246666666666667
blakhol_mc_test_5	8608	4	10	0.9878015722418
statlog-german	700	59	2	0.313333333333333
thyroid-allbp	2800	40	3	0.0298353909465021
vowel-context	693	13	11	0.727272727272727
horse-colic	299	116	3	0.283582089552239
waveform-noise	3500	40	3	0.256666666666667
sample-dataset2	4	3	3	0.5
image	210	19	7	0.263333333333333
jake-lungcancer-copy	22	58	3	0.4
breast-cancer-wdbc	398	31	535	0.994152046783626
thyroid-0387	6420	40	32	0.32594476744186
heart-disease-va	140	22	5	0.8
statlog-satimage	4435	36	6	0.6
statlog-australian	483	38	2	0.285024154589372
mushroom	5687	111	2	0.0
sample-dataset	4	3	3	0.5
statlog-shuttle	43500	9	7	0.154344827586207
page-blocks	3831	10	5	0.0669914738124239
postoperative-patient-data	63	19	3	0.259259259259259
thyroid-euthyroid	2214	32	2	0.0948366701791359
pima-indians-diabetes	538	8	2	0.382608695652174
credit-screening	483	44	2	0.386473429951691
musk-2	4619	166	2	0.0555836280949975
breast-cancer	200	36	2	0.27906976744186
thyroid-hypothyroid	2214	32	2	0.0221285563751317
heart-disease-hungarian	206	22	2	0.375
statlog-heart	189	13	2	0.407407407407407
iris	105	4	3	0.311111111111111
blakhol_mc_test_5000	3500	5	4	0.716666666666667
musk-1	333	166	2	0.153846153846154
primary-tumor	237	22	21	0.598039215686274
glass	150	9	6	0.546875
monks-1	124	15	2	0.268518518518519
monks-2	169	15	2	0.365740740740741
monks-3	122	15	2	0.0833333333333333
balance-scale	438	4	3	0.128342245989305
multiclass-sample	4	3	2	0.5
thyroid-allhypo	2800	40	4	0.0473251028806584
chess-krkp	2237	38	2	0.032325338894682
jakefootball	127	0	3	0.454545454545455
breast-cancer-wpbc	136	34	22	0.586206896551724
flags	136	48	6	0.637931034482759
trains	7	66	2	1.0
statlog-vehicle	94	18	4	0.531914893617021
thyroid-new	151	5	3	0.09375
wine	125	13	3	0.339622641509434
lymphography	104	18	4	0.181818181818182
thyroid-allhyper	2800	40	4	0.0987654320987654
lenses	17	4	3	0.285714285714286
thyroid-dis	2800	40	2	0.0133744855967078
