RacedIncrementalLogitBoost_weka_nominalsonar	146	60	2	0.483870967741935
thyroid-allrep	2800	40	4	0.0380658436213992
voting-records	305	16	2	failed
isolet	6238	617	26	failed
connect-4	47290	42	3	0.267873883653229
shuttle-landing-control	11	11	2	0.75
molecular-biology-splice	2233	244	3	0.12957157784744
chess-krk	19639	23	18	0.715100392063681
heart-disease-switzerland	86	22	5	0.540540540540541
breast-cancer-wisconsin	489	10	2	0.314285714285714
lung-cancer	22	58	3	0.8
soybean	307	69	19	0.872340425531915
neut_1..02.tiny	10024	5886	3	0.00931098696461825
ionosphere	246	34	2	0.352380952380952
heart-disease-cleveland	212	15	5	0.43956043956044
thyroid-ann	3772	21	3	0.0131271878646441
statlog-segment	1617	19	7	0.152958152958153
hayes-roth	92	4	3	0.675
thyroid-sick	2800	40	2	0.0617283950617284
letter-recognition	14000	16	26	0.299166666666667
hepatitis	109	34	2	0.130434782608696
tic-tac-toe	671	9	2	0.355400696864112
molecular-biology-promoters	74	228	2	0.53125
waveform	3500	21	3	0.192
statlog-german	700	59	2	0.313333333333333
thyroid-allbp	2800	40	3	0.0288065843621399
vowel-context	693	13	11	0.922558922558923
horse-colic	299	116	3	0.298507462686567
waveform-noise	3500	40	3	0.192
sample-dataset2	4	3	3	1.0
jakefootball	127	0	3	0.581818181818182
image	210	19	7	0.857142857142857
jake-lungcancer-copy	22	58	3	0.8
breast-cancer-wdbc	398	31	535	1.0
thyroid-0387	6420	40	32	0.123546511627907
heart-disease-va	140	22	5	0.816666666666667
statlog-satimage	4435	36	6	0.1815
statlog-australian	483	38	2	0.429951690821256
mushroom	5687	111	2	0.0172343044727124
sample-dataset	4	3	3	1.0
statlog-shuttle	43500	9	7	0.00241379310344828
page-blocks	3831	10	5	0.0456760048721072
postoperative-patient-data	63	19	3	0.185185185185185
thyroid-euthyroid	2214	32	2	0.100105374077977
pima-indians-diabetes	538	8	2	0.369565217391304
credit-screening	483	44	2	0.439613526570048
musk-2	4619	166	2	0.116725618999495
breast-cancer	200	36	2	0.267441860465116
thyroid-hypothyroid	2214	32	2	0.0326659641728135
heart-disease-hungarian	206	22	2	0.375
statlog-heart	189	13	2	0.481481481481481
iris	105	4	3	0.688888888888889
musk-1	333	166	2	0.363636363636364
primary-tumor	237	22	21	0.735294117647059
glass	150	9	6	0.75
monks-1	124	15	2	0.5
monks-2	169	15	2	0.328703703703704
monks-3	122	15	2	0.527777777777778
balance-scale	438	4	3	0.588235294117647
multiclass-sample	4	3	2	1.0
thyroid-allhypo	2800	40	4	0.01440329218107
chess-krkp	2237	38	2	0.223149113660063
annealing	111	55	2	0.533333333333333
breast-cancer-wpbc	136	34	22	0.586206896551724
flags	136	48	6	0.672413793103448
trains	7	66	2	1.0
statlog-vehicle	94	18	4	0.734042553191489
thyroid-new	151	5	3	0.359375
wine	125	13	3	0.660377358490566
lymphography	104	18	4	0.318181818181818
thyroid-allhyper	2800	40	4	0.0360082304526749
lenses	17	4	3	0.428571428571429
thyroid-dis	2800	40	2	0.0133744855967078
