thyroid-allrep	2800	40	4	0.044238683127572
isolet	6238	617	26	0.323284156510584
random	1791	15	16	0.875
new york traffic 2008 all hours 7 days more readings	257	1779	7	0.418181818181818
heart-disease-hungarian	206	22	2	0.25
thyroid-sick	2800	40	2	0.0411522633744856
blakhol_mc_test_5	8608	4	10	0.703171591217132
statlog-german	700	59	2	0.306666666666667
arcene2	70	11	2	0.266666666666667
vowel-context	693	13	11	0.235690235690236
new york traffic 2008 6pm all days	256	48	7	0.572727272727273
Dif	315	2	3	0.118518518518519
jwr-products-2010-07-05	15194	11088	133	failed
credit-screening	483	44	2	0.169082125603865
breast-cancer	200	36	2	0.325581395348837
monks-1	124	15	2	0.0462962962962963
monks-2	169	15	2	0.240740740740741
monks-3	122	15	2	0.101851851851852
balance-scale	438	4	3	0.229946524064171
simple-dataset-elo	4	3	2	0.5
sonar	146	60	2	0.290322580645161
simple-dataset	4	3	2	0.5
thyroid-euthyroid	2214	32	2	0.053740779768177
HIV identification_1	644	4	2	0.253623188405797
voting-records	305	16	2	failed
shuttle-landing-control	11	11	2	0.5
molecular-biology-splice	2233	244	3	0.158829676071055
Easy	245	2	3	0.0380952380952381
ionosphere	246	34	2	0.0857142857142857
molecular-biology-promoters	74	228	2	0.34375
statlog-segment	1617	19	7	0.0461760461760462
transientsClassification	3991	80	58	failed
sample-dataset2	4	3	3	0.5
new york traffic 2008 6pm	256	48	2	0.0454545454545455
hepatitis	109	34	2	0.152173913043478
heart-disease-cleveland	212	15	5	0.472527472527473
waveform	3500	21	3	0.252666666666667
thyroid-allbp	2800	40	3	0.0360082304526749
breast-cancer-wdbc	398	31	535	1.0
thyroid-0387	6420	40	32	0.139171511627907
heart-disease-va	140	22	5	0.733333333333333
sample-dataset	4	3	3	0.5
page-blocks	3831	10	5	0.0395858708891596
musk-1	333	166	2	0.20979020979021
musk-2	4619	166	2	0.0500252652854977
neut_1..02.tiny	10024	5886	3	0.0116387337057728
iris	105	4	3	0.111111111111111
statlog-vehicle	94	18	4	0.361702127659574
breast-cancer-wisconsin	489	10	2	0.0714285714285714
lenses	17	4	3	0.142857142857143
test_fromwebsite	4	3	2	0.5
image	210	19	7	0.136190476190476
chess-krk	19639	23	18	0.395984317452774
soybean	307	69	19	0.170212765957447
statlog-heart	189	13	2	0.333333333333333
connect-4	47290	42	3	0.271081067745596
horse-colic	299	116	3	0.477611940298507
waveform-noise	3500	40	3	0.258666666666667
mushroom	5687	111	2	0.0
postoperative-patient-data	63	19	3	0.222222222222222
glass	150	9	6	0.328125
jakefootball	127	0	3	0.6
thyroid-hypothyroid	2214	32	2	0.0168598524762908
manhattan_traffic	499211	5	7	failed
testamal	4	3	2	0.5
multiclass-sample	4	3	2	0.5
thyroid-allhypo	2800	40	4	0.0113168724279835
breast-cancer-wpbc	136	34	22	0.793103448275862
statlog-shuttle	43500	9	7	0.000137931034482759
lymphography	104	18	4	0.0909090909090909
thyroid-dis	2800	40	2	0.0174897119341564
new york traffic 2008 6pm 7 days	256	48	7	0.572727272727273
chess-krkp	2237	38	2	0.0114702815432742
letter-recognition	14000	16	26	0.156333333333333
lung-cancer	22	58	3	0.6
tic-tac-toe	671	9	2	0.101045296167247
Raw@rite	4	3	2	0.5
pssmOfprotein	1870	210	27	0.555555555555556
DataTest2H1	869	31	2	0.424731182795699
jake-lungcancer-copy	22	58	3	0.6
statlog-satimage	4435	36	6	0.1475
statlog-australian	483	38	2	0.231884057971014
pima-indians-diabetes	538	8	2	0.291304347826087
thyroid-new	151	5	3	0.125
thyroid-ann	3772	21	3	0.0189614935822637
new york traffic 2008 all hours 7 days	257	1110	7	0.354545454545455
mnistSmall	700	784	10	0.42
primary-tumor	237	22	21	0.666666666666667
SleepdataMulti	241	143	5	failed
testfromwebsite	4	3	2	0.5
ContactLenses	17	4	3	0.142857142857143
annealing	111	55	2	0.0
flags	136	48	6	0.586206896551724
trains	7	66	2	0.0
hayes-roth	92	4	3	0.2
heart-disease-switzerland	86	22	5	0.675675675675676
thyroid-allhyper	2800	40	4	0.0164609053497942
wine	125	13	3	0.0754716981132075
