RBFNetwork_weka_nominalsonar	146	60	2	0.225806451612903
thyroid-allrep	2800	40	4	0.0411522633744856
voting-records	305	16	2	failed
isolet	6238	617	26	failed
connect-4	47290	42	3	failed
shuttle-landing-control	11	11	2	0.25
molecular-biology-splice	2233	244	3	0.0522466039707419
chess-krk	19639	23	18	failed
heart-disease-switzerland	86	22	5	0.675675675675676
breast-cancer-wisconsin	489	10	2	0.0476190476190476
lung-cancer	22	58	3	0.7
soybean	307	69	19	0.111702127659574
neut_1..02.tiny	10024	5886	3	failed
ionosphere	246	34	2	0.152380952380952
heart-disease-cleveland	212	15	5	0.406593406593407
thyroid-ann	3772	21	3	0.0638856476079347
statlog-segment	1617	19	7	0.125541125541126
input_for_eur_usd_pred	193	110	7	0.682926829268293
hayes-roth	92	4	3	0.275
thyroid-sick	2800	40	2	0.0617283950617284
letter-recognition	14000	16	26	failed
hepatitis	109	34	2	0.173913043478261
tic-tac-toe	671	9	2	0.313588850174216
molecular-biology-promoters	74	228	2	0.21875
waveform	3500	21	3	0.132
blakhol_mc_test_5	8608	4	10	0.643534833288154
statlog-german	700	59	2	0.326666666666667
thyroid-allbp	2800	40	3	0.0308641975308642
vowel-context	693	13	11	0.185185185185185
horse-colic	299	116	3	0.402985074626866
waveform-noise	3500	40	3	0.141333333333333
sample-dataset2	4	3	3	1.0
jakefootball	127	0	3	0.436363636363636
image	210	19	7	0.140952380952381
jake-lungcancer-copy	22	58	3	0.7
breast-cancer-wdbc	398	31	535	failed
thyroid-0387	6420	40	32	failed
heart-disease-va	140	22	5	0.716666666666667
statlog-satimage	4435	36	6	0.1535
statlog-australian	483	38	2	0.21256038647343
mushroom	5687	111	2	0.00328272466146902
sample-dataset	4	3	3	1.0
statlog-shuttle	43500	9	7	0.018551724137931
page-blocks	3831	10	5	0.0572472594397077
postoperative-patient-data	63	19	3	0.185185185185185
thyroid-euthyroid	2214	32	2	0.100105374077977
pima-indians-diabetes	538	8	2	0.31304347826087
credit-screening	483	44	2	0.241545893719807
musk-2	4619	166	2	0.123294593228903
breast-cancer	200	36	2	0.313953488372093
thyroid-hypothyroid	2214	32	2	0.0484720758693361
heart-disease-hungarian	206	22	2	0.147727272727273
statlog-heart	189	13	2	0.197530864197531
iris	105	4	3	0.0888888888888889
musk-1	333	166	2	0.188811188811189
primary-tumor	237	22	21	failed
glass	150	9	6	0.390625
monks-1	124	15	2	0.203703703703704
monks-2	169	15	2	0.388888888888889
monks-3	122	15	2	0.0277777777777778
balance-scale	438	4	3	0.128342245989305
multiclass-sample	4	3	2	1.0
thyroid-allhypo	2800	40	4	0.0730452674897119
chess-krkp	2237	38	2	0.29614181438999
annealing	111	55	2	0.0
breast-cancer-wpbc	136	34	22	0.775862068965517
flags	136	48	6	0.431034482758621
trains	7	66	2	0.333333333333333
statlog-vehicle	94	18	4	0.319148936170213
thyroid-new	151	5	3	0.015625
wine	125	13	3	0.0566037735849057
lymphography	104	18	4	0.0909090909090909
thyroid-allhyper	2800	40	4	0.0257201646090535
lenses	17	4	3	0.428571428571429
thyroid-dis	2800	40	2	0.0133744855967078
