REPTree_weka_nominalsonar	146	60	2	0.225806451612903
thyroid-allrep	2800	40	4	0.01440329218107
voting-records	305	16	2	failed
isolet	6238	617	26	failed
connect-4	47290	42	3	failed
shuttle-landing-control	11	11	2	0.75
molecular-biology-splice	2233	244	3	0.0512016718913271
chess-krk	19639	23	18	0.339075680171082
heart-disease-switzerland	86	22	5	0.567567567567568
breast-cancer-wisconsin	489	10	2	0.0571428571428571
lung-cancer	22	58	3	0.8
soybean	307	69	19	0.175531914893617
neut_1..02.tiny	10024	5886	3	failed
ionosphere	246	34	2	0.0857142857142857
heart-disease-cleveland	212	15	5	0.417582417582418
thyroid-ann	3772	21	3	0.00641773628938156
statlog-segment	1617	19	7	0.0490620490620491
hayes-roth	92	4	3	0.125
thyroid-sick	2800	40	2	0.0154320987654321
letter-recognition	14000	16	26	0.185833333333333
hepatitis	109	34	2	0.130434782608696
tic-tac-toe	671	9	2	0.0522648083623693
molecular-biology-promoters	74	228	2	0.21875
waveform	3500	21	3	0.235333333333333
statlog-german	700	59	2	0.3
thyroid-allbp	2800	40	3	0.0329218106995885
vowel-context	693	13	11	0.35016835016835
horse-colic	299	116	3	0.343283582089552
waveform-noise	3500	40	3	0.229333333333333
sample-dataset2	4	3	3	1.0
jakefootball	127	0	3	0.472727272727273
image	210	19	7	0.139047619047619
jake-lungcancer-copy	22	58	3	0.8
breast-cancer-wdbc	398	31	535	1.0
thyroid-0387	6420	40	32	0.0672238372093023
heart-disease-va	140	22	5	0.716666666666667
statlog-satimage	4435	36	6	0.1485
statlog-australian	483	38	2	0.154589371980676
mushroom	5687	111	2	0.000410340582683627
sample-dataset	4	3	3	1.0
statlog-shuttle	43500	9	7	0.000689655172413793
page-blocks	3831	10	5	0.0304506699147381
postoperative-patient-data	63	19	3	0.185185185185185
thyroid-euthyroid	2214	32	2	0.029504741833509
pima-indians-diabetes	538	8	2	0.256521739130435
credit-screening	483	44	2	0.154589371980676
musk-2	4619	166	2	0.0601313794845882
breast-cancer	200	36	2	0.232558139534884
thyroid-hypothyroid	2214	32	2	0.00948366701791359
heart-disease-hungarian	206	22	2	0.204545454545455
statlog-heart	189	13	2	0.271604938271605
iris	105	4	3	0.111111111111111
musk-1	333	166	2	0.202797202797203
primary-tumor	237	22	21	0.598039215686274
glass	150	9	6	0.40625
monks-1	124	15	2	0.0555555555555556
monks-2	169	15	2	0.324074074074074
monks-3	122	15	2	0.0277777777777778
balance-scale	438	4	3	0.262032085561497
multiclass-sample	4	3	2	1.0
thyroid-allhypo	2800	40	4	0.0123456790123457
chess-krkp	2237	38	2	0.00938477580813347
annealing	111	55	2	0.0
breast-cancer-wpbc	136	34	22	0.586206896551724
flags	136	48	6	0.344827586206897
trains	7	66	2	1.0
statlog-vehicle	94	18	4	0.446808510638298
thyroid-new	151	5	3	0.234375
wine	125	13	3	0.0188679245283019
lymphography	104	18	4	0.204545454545455
thyroid-allhyper	2800	40	4	0.0133744855967078
lenses	17	4	3	0.428571428571429
thyroid-dis	2800	40	2	0.0174897119341564
