Ridor_weka_nominalsonar	146	60	2	0.225806451612903
thyroid-allrep	2800	40	4	0.0164609053497942
voting-records	305	16	2	failed
isolet	6238	617	26	failed
connect-4	47290	42	3	0.249222874623773
shuttle-landing-control	11	11	2	0.75
molecular-biology-splice	2233	244	3	0.0637408568443051
chess-krk	19639	23	18	failed
heart-disease-switzerland	86	22	5	0.648648648648649
breast-cancer-wisconsin	489	10	2	0.0571428571428571
lung-cancer	22	58	3	0.6
soybean	307	69	19	0.188829787234043
neut_1..02.tiny	10024	5886	3	failed
ionosphere	246	34	2	0.142857142857143
heart-disease-cleveland	212	15	5	0.516483516483517
thyroid-ann	3772	21	3	0.00962660443407235
statlog-segment	1617	19	7	0.0447330447330447
input_for_eur_usd_pred	193	110	7	0.719512195121951
hayes-roth	92	4	3	0.225
thyroid-sick	2800	40	2	0.0257201646090535
letter-recognition	14000	16	26	failed
hepatitis	109	34	2	0.152173913043478
tic-tac-toe	671	9	2	0.024390243902439
molecular-biology-promoters	74	228	2	0.15625
waveform	3500	21	3	0.229333333333333
statlog-german	700	59	2	0.34
thyroid-allbp	2800	40	3	0.0267489711934156
vowel-context	693	13	11	0.265993265993266
horse-colic	299	116	3	0.313432835820896
waveform-noise	3500	40	3	0.214666666666667
sample-dataset2	4	3	3	1.0
jakefootball	127	0	3	0.4
image	210	19	7	0.116190476190476
jake-lungcancer-copy	22	58	3	0.6
breast-cancer-wdbc	398	31	535	1.0
thyroid-0387	6420	40	32	failed
heart-disease-va	140	22	5	0.716666666666667
statlog-satimage	4435	36	6	0.1465
statlog-australian	483	38	2	0.159420289855072
mushroom	5687	111	2	0.0
sample-dataset	4	3	3	1.0
statlog-shuttle	43500	9	7	0.000344827586206897
page-blocks	3831	10	5	0.0274056029232643
postoperative-patient-data	63	19	3	0.259259259259259
thyroid-euthyroid	2214	32	2	0.0316122233930453
pima-indians-diabetes	538	8	2	0.252173913043478
credit-screening	483	44	2	0.144927536231884
musk-2	4619	166	2	0.0540677109651339
breast-cancer	200	36	2	0.244186046511628
thyroid-hypothyroid	2214	32	2	0.00737618545837724
heart-disease-hungarian	206	22	2	0.159090909090909
statlog-heart	189	13	2	0.222222222222222
iris	105	4	3	0.0888888888888889
musk-1	333	166	2	0.195804195804196
primary-tumor	237	22	21	0.647058823529412
glass	150	9	6	0.34375
monks-1	124	15	2	0.194444444444444
monks-2	169	15	2	0.328703703703704
monks-3	122	15	2	0.0277777777777778
balance-scale	438	4	3	0.267379679144385
multiclass-sample	4	3	2	1.0
thyroid-allhypo	2800	40	4	0.00720164609053498
chess-krkp	2237	38	2	0.00938477580813347
annealing	111	55	2	0.0
breast-cancer-wpbc	136	34	22	0.724137931034483
flags	136	48	6	0.396551724137931
trains	7	66	2	1.0
statlog-vehicle	94	18	4	0.457446808510638
thyroid-new	151	5	3	0.15625
wine	125	13	3	0.0943396226415094
lymphography	104	18	4	0.159090909090909
thyroid-allhyper	2800	40	4	0.0102880658436214
lenses	17	4	3	0.571428571428571
thyroid-dis	2800	40	2	0.0164609053497942
