RotationForest_weka_nominalthyroid-allrep	2800	40	4	0.0257201646090535
isolet	6238	617	26	failed
random	1791	15	16	0.875
new york traffic 2008 all hours 7 days more readings	257	1779	7	0.254545454545455
heart-disease-hungarian	206	22	2	0.170454545454545
thyroid-sick	2800	40	2	0.0113168724279835
statlog-german	700	59	2	0.31
arcene2	70	11	2	0.2
vowel-context	693	13	11	0.0538720538720539
new york traffic 2008 6pm all days	256	48	7	0.463636363636364
Dif	315	2	3	0.118518518518519
jwr-products-2010-07-05	15194	11088	133	failed
credit-screening	483	44	2	0.1256038647343
breast-cancer	200	36	2	0.244186046511628
neut_1..005.tiny	10024	5886	3	failed
monks-1	124	15	2	0.00231481481481481
monks-2	169	15	2	0.189814814814815
monks-3	122	15	2	0.00462962962962963
balance-scale	438	4	3	0.133689839572193
simple-dataset-elo	4	3	2	1.0
sonar	146	60	2	0.0967741935483871
simple-dataset	4	3	2	1.0
thyroid-euthyroid	2214	32	2	0.0210748155953635
HIV identification_1	644	4	2	0.228260869565217
voting-records	305	16	2	failed
shuttle-landing-control	11	11	2	0.75
molecular-biology-splice	2233	244	3	0.0522466039707419
Easy	245	2	3	0.019047619047619
ionosphere	246	34	2	0.114285714285714
molecular-biology-promoters	74	228	2	0.21875
statlog-segment	1617	19	7	0.0216450216450216
transientsClassification	3991	80	58	failed
sample-dataset2	4	3	3	1.0
new york traffic 2008 6pm	256	48	2	0.0636363636363636
hepatitis	109	34	2	0.0434782608695652
heart-disease-cleveland	212	15	5	0.43956043956044
waveform	3500	21	3	0.144
thyroid-allbp	2800	40	3	0.0185185185185185
breast-cancer-wdbc	398	31	535	1.0
thyroid-0387	6420	40	32	0.0457848837209302
heart-disease-va	140	22	5	0.616666666666667
sample-dataset	4	3	3	1.0
page-blocks	3831	10	5	0.0225334957369062
musk-1	333	166	2	0.0839160839160839
musk-2	4619	166	2	0.0252652854977261
neut_1..02.tiny	10024	5886	3	failed
iris	105	4	3	0.0666666666666667
neut_0..02.tiny	10024	5886	3	failed
statlog-vehicle	94	18	4	0.287234042553192
breast-cancer-wisconsin	489	10	2	0.0523809523809524
lenses	17	4	3	0.571428571428571
test_fromwebsite	4	3	2	1.0
image	210	19	7	0.0514285714285714
chess-krk	19639	23	18	0.191279553285018
soybean	307	69	19	0.11436170212766
statlog-heart	189	13	2	0.172839506172839
clinical_wsd	60284	38269	133	failed
connect-4	47290	42	3	failed
horse-colic	299	116	3	0.283582089552239
waveform-noise	3500	40	3	0.153333333333333
mushroom	5687	111	2	0.0
NY Traffic R11 2008 Weekday/Weekend popular roads normalized	257	603	2	0.0363636363636364
postoperative-patient-data	63	19	3	0.222222222222222
glass	150	9	6	0.3125
jakefootball	127	0	3	0.490909090909091
thyroid-hypothyroid	2214	32	2	0.0105374077976818
manhattan_traffic	499211	5	7	failed
testamal	4	3	2	1.0
neut_0..005.tiny	10024	5886	3	failed
multiclass-sample	4	3	2	1.0
thyroid-allhypo	2800	40	4	0.00308641975308642
breast-cancer-wpbc	136	34	22	0.672413793103448
statlog-shuttle	43500	9	7	0.000482758620689655
lymphography	104	18	4	0.204545454545455
thyroid-dis	2800	40	2	0.0123456790123457
new york traffic 2008 6pm 7 days	256	48	7	0.463636363636364
neut_1..01.tiny	10024	5886	3	failed
neut_0..01.tiny	10024	5886	3	failed
chess-krkp	2237	38	2	0.00208550573514077
letter-recognition	14000	16	26	0.0498333333333333
lung-cancer	22	58	3	0.4
tic-tac-toe	671	9	2	0.024390243902439
Raw@rite	4	3	2	1.0
NY Traffic R11 2008 all days popular roads normalized with s	257	603	7	0.172727272727273
DataTest2H1	869	31	2	0.478494623655914
jake-lungcancer-copy	22	58	3	0.4
statlog-satimage	4435	36	6	0.0965
statlog-australian	483	38	2	0.164251207729469
pima-indians-diabetes	538	8	2	0.226086956521739
thyroid-new	151	5	3	0.046875
thyroid-ann	3772	21	3	0.014294049008168
new york traffic 2008 all hours 7 days	257	1110	7	0.236363636363636
mnistSmall	700	784	10	0.136666666666667
primary-tumor	237	22	21	0.588235294117647
SleepdataMulti	241	143	5	failed
testfromwebsite	4	3	2	1.0
ContactLenses	17	4	3	0.142857142857143
annealing	111	55	2	0.0
flags	136	48	6	0.258620689655172
trains	7	66	2	0.333333333333333
hayes-roth	92	4	3	0.275
heart-disease-switzerland	86	22	5	0.621621621621622
thyroid-allhyper	2800	40	4	0.0113168724279835
wine	125	13	3	0.0377358490566038
