sonar	146	60	2	0.483870967741935
thyroid-allrep	2800	40	4	0.0401234567901235
voting-records	305	16	2	0.0923076923076923
isolet	6238	617	26	0.418858242463117
connect-4	47290	42	3	0.483544678541471
shuttle-landing-control	11	11	2	0.25
molecular-biology-splice	2233	244	3	0.0512016718913271
chess-krk	19639	23	18	0.780563146014019
neut_1..005.tiny	10024	5886	3	0.55377094972067
heart-disease-switzerland	86	22	5	0.540540540540541
breast-cancer-wisconsin	489	10	2	0.314285714285714
lung-cancer	22	58	3	0.6
soybean	307	69	19	0.220744680851064
neut_1..02.tiny	10024	5886	3	0.0253724394785847
ionosphere	246	34	2	0.352380952380952
statlog-heart	189	13	2	0.333333333333333
thyroid-ann	3772	21	3	0.0746791131855309
statlog-segment	1617	19	7	0.705627705627706
hayes-roth	92	4	3	0.65
clinical_wsd	60284	38269	133	0.45026319863756
transientsClassification	3991	80	58	0.695321637426901
thyroid-sick	2800	40	2	0.137860082304527
letter-recognition	14000	16	26	0.954166666666667
hepatitis	109	34	2	0.130434782608696
tic-tac-toe	671	9	2	0.268292682926829
molecular-biology-promoters	74	228	2	0.21875
waveform	3500	21	3	0.618666666666667
pssmOfprotein	1870	210	27	0.811485642946317
statlog-german	700	59	2	0.303333333333333
thyroid-allbp	2800	40	3	0.0679012345679012
vowel-context	693	13	11	0.777777777777778
horse-colic	299	116	3	0.298507462686567
waveform-noise	3500	40	3	0.654666666666667
sample-dataset2	4	3	3	0.5
image	210	19	7	0.725238095238095
jake-lungcancer-copy	22	58	3	0.6
breast-cancer-wdbc	398	31	535	1.0
thyroid-0387	6420	40	32	0.26453488372093
heart-disease-va	140	22	5	0.8
statlog-satimage	4435	36	6	0.7695
statlog-australian	483	38	2	0.29951690821256
mushroom	5687	111	2	0.00820681165367255
sample-dataset	4	3	3	0.5
statlog-shuttle	43500	9	7	0.195931034482759
utterance-classification-manual	15651	21686	66	0.393726694450537
page-blocks	3831	10	5	0.0986601705237515
postoperative-patient-data	63	19	3	0.407407407407407
thyroid-euthyroid	2214	32	2	0.198103266596417
heart-disease-cleveland	212	15	5	0.43956043956044
pima-indians-diabetes	538	8	2	0.38695652173913
jakefootball	127	0	3	0.490909090909091
musk-2	4619	166	2	0.166245578575038
breast-cancer	200	36	2	0.441860465116279
thyroid-hypothyroid	2214	32	2	0.131717597471022
heart-disease-hungarian	206	22	2	0.227272727272727
credit-screening	483	44	2	0.265700483091787
iris	105	4	3	0.688888888888889
mnistSmall	700	784	10	0.393333333333333
musk-1	333	166	2	0.321678321678322
primary-tumor	237	22	21	0.745098039215686
neut_0..005.tiny	10024	5886	3	0.415037243947858
glass	150	9	6	0.640625
monks-1	124	15	2	0.263888888888889
monks-2	169	15	2	0.453703703703704
monks-3	122	15	2	0.037037037037037
balance-scale	438	4	3	0.588235294117647
multiclass-sample	4	3	2	0.5
thyroid-allhypo	2800	40	4	0.0761316872427984
chess-krkp	2237	38	2	0.180396246089677
annealing	111	55	2	0.0
breast-cancer-wpbc	136	34	22	0.655172413793103
flags	136	48	6	0.551724137931034
simple-dataset	4	3	2	0.5
trains	7	66	2	0.333333333333333
statlog-vehicle	94	18	4	0.734042553191489
thyroid-new	151	5	3	0.359375
thyroid-dis	2800	40	2	0.0637860082304527
lymphography	104	18	4	0.318181818181818
thyroid-allhyper	2800	40	4	0.0277777777777778
lenses	17	4	3	0.428571428571429
wine	125	13	3	0.754716981132076
