SMO_weka_nominalthyroid-allrep	2800	40	4	0.0380658436213992
isolet	6238	617	26	failed
random	1791	15	16	0.875
new york traffic 2008 all hours 7 days more readings	257	1779	7	0.309090909090909
mit-bih-arrhythmia	48405	8	3	0.0583545377438507
heart-disease-hungarian	206	22	2	0.136363636363636
thyroid-sick	2800	40	2	0.0617283950617284
blakhol_mc_test_5	8608	4	10	0.638926538357278
statlog-german	700	59	2	0.263333333333333
arcene2	70	11	2	0.3
vowel-context	693	13	11	0.31986531986532
pssmOfprotein	1870	210	27	0.399500624219725
new york traffic 2008 6pm all days	256	48	7	0.636363636363636
Dif	315	2	3	0.0814814814814815
jwr-products-2010-07-05	15194	11088	133	failed
credit-screening	483	44	2	0.1256038647343
breast-cancer	200	36	2	0.27906976744186
neut_1..005.tiny	10024	5886	3	0.285614525139665
monks-1	124	15	2	0.277777777777778
monks-2	169	15	2	0.328703703703704
monks-3	122	15	2	0.0277777777777778
balance-scale	438	4	3	0.122994652406417
simple-dataset-elo	4	3	2	0.5
sonar	146	60	2	0.193548387096774
simple-dataset	4	3	2	0.5
thyroid-euthyroid	2214	32	2	0.100105374077977
HIV identification_1	644	4	2	0.228260869565217
voting-records	305	16	2	failed
shuttle-landing-control	11	11	2	0.25
molecular-biology-splice	2233	244	3	0.071055381400209
Easy	245	2	3	0.0285714285714286
ionosphere	246	34	2	0.133333333333333
molecular-biology-promoters	74	228	2	0.15625
statlog-segment	1617	19	7	0.0822510822510823
transientsClassification	3991	80	58	failed
sample-dataset2	4	3	3	0.5
new york traffic 2008 6pm	256	48	2	0.0818181818181818
hepatitis	109	34	2	0.0652173913043478
heart-disease-cleveland	212	15	5	0.384615384615385
waveform	3500	21	3	0.122
thyroid-allbp	2800	40	3	0.0277777777777778
breast-cancer-wdbc	398	31	535	failed
thyroid-0387	6420	40	32	0.222747093023256
heart-disease-va	140	22	5	0.783333333333333
sample-dataset	4	3	3	0.5
page-blocks	3831	10	5	0.0694275274056029
musk-1	333	166	2	0.13986013986014
musk-2	4619	166	2	0.0565942395149065
neut_1..02.tiny	10024	5886	3	0.0104748603351955
iris	105	4	3	0.0888888888888889
neut_0..02.tiny	10024	5886	3	0.0221135940409683
statlog-vehicle	94	18	4	0.404255319148936
breast-cancer-wisconsin	489	10	2	0.0428571428571429
lenses	17	4	3	0.571428571428571
test_fromwebsite	4	3	2	0.5
image	210	19	7	0.125238095238095
chess-krk	19639	23	18	0.661043127004871
soybean	307	69	19	0.0718085106382979
statlog-heart	189	13	2	0.172839506172839
input_for_eur_usd_pred	193	110	7	0.646341463414634
clinical_wsd	60284	38269	133	failed
connect-4	47290	42	3	0.248630779099028
horse-colic	299	116	3	0.343283582089552
waveform-noise	3500	40	3	0.124
mushroom	5687	111	2	0.0
NY Traffic R11 2008 Weekday/Weekend popular roads normalized	257	603	2	0.00909090909090909
postoperative-patient-data	63	19	3	0.222222222222222
glass	150	9	6	0.5625
jakefootball	127	0	3	0.563636363636364
thyroid-hypothyroid	2214	32	2	0.0284510010537408
manhattan_traffic	499211	5	7	failed
testamal	4	3	2	0.5
blakhol_mc_test_5000	3500	5	4	0.568
neut_0..005.tiny	10024	5886	3	0.283752327746741
multiclass-sample	4	3	2	0.5
thyroid-allhypo	2800	40	4	0.0545267489711934
breast-cancer-wpbc	136	34	22	0.586206896551724
statlog-shuttle	43500	9	7	0.0290344827586207
lymphography	104	18	4	0.0909090909090909
thyroid-dis	2800	40	2	0.0133744855967078
new york traffic 2008 6pm 7 days	256	48	7	0.636363636363636
neut_1..01.tiny	10024	5886	3	0.0847299813780261
neut_0..01.tiny	10024	5886	3	0.136871508379888
chess-krkp	2237	38	2	0.0437956204379562
letter-recognition	14000	16	26	0.191166666666667
lung-cancer	22	58	3	0.5
tic-tac-toe	671	9	2	0.0209059233449477
Raw@rite	4	3	2	0.5
NY Traffic R11 2008 all days popular roads normalized with s	257	603	7	0.172727272727273
DataTest2H1	869	31	2	0.486559139784946
jake-lungcancer-copy	22	58	3	0.5
statlog-satimage	4435	36	6	0.1495
statlog-australian	483	38	2	0.154589371980676
pima-indians-diabetes	538	8	2	0.234782608695652
thyroid-new	151	5	3	0.15625
thyroid-ann	3772	21	3	0.0615519253208868
new york traffic 2008 all hours 7 days	257	1110	7	0.281818181818182
mnistSmall	700	784	10	0.116666666666667
primary-tumor	237	22	21	0.549019607843137
SleepdataMulti	241	143	5	failed
testfromwebsite	4	3	2	0.5
ContactLenses	17	4	3	0.571428571428571
annealing	111	55	2	0.0
flags	136	48	6	0.379310344827586
trains	7	66	2	0.333333333333333
hayes-roth	92	4	3	0.425
heart-disease-switzerland	86	22	5	0.540540540540541
thyroid-allhyper	2800	40	4	0.0205761316872428
wine	125	13	3	0.0188679245283019
