sonar	146	60	2	0.483870967741935
thyroid-allrep	2800	40	4	0.0380658436213992
voting-records	305	16	2	0.4
isolet	6238	617	26	0.228992944194997
connect-4	47290	42	3	0.903044357823062
shuttle-landing-control	11	11	2	failed
molecular-biology-splice	2233	244	3	0.770114942528736
chess-krk	19639	23	18	0.896637756920518
heart-disease-switzerland	86	22	5	0.945945945945946
breast-cancer-wisconsin	489	10	2	0.314285714285714
lung-cancer	22	58	3	0.5
soybean	307	69	19	failed
neut_1..02.tiny	10024	5886	3	0.0351489757914339
ionosphere	246	34	2	0.647619047619048
heart-disease-cleveland	212	15	5	0.43956043956044
thyroid-ann	3772	21	3	0.978704784130688
statlog-segment	1617	19	7	0.873015873015873
hayes-roth	92	4	3	0.65
transientsClassification	3991	80	58	failed
thyroid-sick	2800	40	2	0.0617283950617284
sample-dataset	4	3	3	0.5
letter-recognition	14000	16	26	0.961666666666667
hepatitis	109	34	2	0.869565217391304
tic-tac-toe	671	9	2	0.644599303135889
molecular-biology-promoters	74	228	2	0.53125
waveform	3500	21	3	0.668666666666667
statlog-german	700	59	2	0.313333333333333
thyroid-allbp	2800	40	3	0.994855967078189
vowel-context	693	13	11	0.895622895622896
horse-colic	299	116	3	0.298507462686567
waveform-noise	3500	40	3	0.672
sample-dataset2	4	3	3	0.5
image	210	19	7	0.857142857142857
jake-lungcancer-copy	22	58	3	0.5
breast-cancer-wdbc	398	31	535	failed
thyroid-0387	6420	40	32	0.26453488372093
heart-disease-va	140	22	5	0.75
statlog-satimage	4435	36	6	0.7695
statlog-australian	483	38	2	0.429951690821256
mushroom	5687	111	2	0.484612228149364
jakefootball	127	0	3	0.454545454545455
statlog-shuttle	43500	9	7	0.208413793103448
page-blocks	3831	10	5	0.0986601705237515
postoperative-patient-data	63	19	3	0.185185185185185
thyroid-euthyroid	2214	32	2	0.100105374077977
pima-indians-diabetes	538	8	2	0.369565217391304
credit-screening	483	44	2	0.439613526570048
musk-2	4619	166	2	0.154623547246084
breast-cancer	200	36	2	0.267441860465116
thyroid-hypothyroid	2214	32	2	0.951527924130664
heart-disease-hungarian	206	22	2	0.375
statlog-heart	189	13	2	0.481481481481481
iris	105	4	3	0.644444444444444
musk-1	333	166	2	0.363636363636364
primary-tumor	237	22	21	0.735294117647059
glass	150	9	6	0.625
monks-1	124	15	2	0.5
monks-2	169	15	2	0.328703703703704
monks-3	122	15	2	0.527777777777778
balance-scale	438	4	3	0.925133689839572
multiclass-sample	4	3	2	failed
thyroid-allhypo	2800	40	4	0.958847736625514
chess-krkp	2237	38	2	0.524504692387904
annealing	111	55	2	0.533333333333333
breast-cancer-wpbc	136	34	22	0.586206896551724
flags	136	48	6	0.879310344827586
trains	7	66	2	1.0
statlog-vehicle	94	18	4	0.723404255319149
thyroid-new	151	5	3	0.359375
wine	125	13	3	0.584905660377358
lymphography	104	18	4	failed
thyroid-allhyper	2800	40	4	0.997942386831276
lenses	17	4	3	1.0
thyroid-dis	2800	40	2	0.986625514403292
