svmlight_multiclass-linearsonar	146	60	2	0.483870967741935
thyroid-allrep	2800	40	4	0.0380658436213992
voting-records	305	16	2	0.1
isolet	6238	617	26	0.610647851186658
connect-4	47290	42	3	0.348941629249519
shuttle-landing-control	11	11	2	0.75
pssmOfprotein	1870	210	27	0.305867665418227
molecular-biology-splice	2233	244	3	0.077324973876698
chess-krk	19639	23	18	0.968516098372342
neut_1..01.tiny	10024	5886	3	0.0907821229050279
heart-disease-switzerland	86	22	5	0.567567567567568
breast-cancer-wisconsin	489	10	2	0.685714285714286
lung-cancer	22	58	3	0.8
soybean	307	69	19	0.696808510638298
neut_1..02.tiny	10024	5886	3	0.00861266294227188
ionosphere	246	34	2	0.314285714285714
neut_1..005.tiny	10024	5886	3	0.315642458100559
statlog-heart	189	13	2	0.469135802469136
thyroid-ann	3772	21	3	0.072928821470245
statlog-segment	1617	19	7	0.396825396825397
hayes-roth	92	4	3	0.675
transientsClassification	3991	80	58	failed
thyroid-sick	2800	40	2	0.0617283950617284
letter-recognition	14000	16	26	0.828166666666667
hepatitis	109	34	2	0.130434782608696
tic-tac-toe	671	9	2	0.313588850174216
molecular-biology-promoters	74	228	2	0.0625
waveform	3500	21	3	0.375333333333333
blakhol_mc_test_5	8608	4	10	0.804554079696395
statlog-german	700	59	2	0.313333333333333
thyroid-allbp	2800	40	3	0.0308641975308642
vowel-context	693	13	11	0.878787878787879
horse-colic	299	116	3	0.283582089552239
waveform-noise	3500	40	3	0.327333333333333
sample-dataset2	4	3	3	0.5
image	210	19	7	0.425238095238095
jake-lungcancer-copy	22	58	3	0.8
breast-cancer-wdbc	398	31	535	failed
thyroid-0387	6420	40	32	0.253633720930233
heart-disease-va	140	22	5	0.7
statlog-satimage	4435	36	6	0.389
statlog-australian	483	38	2	0.314009661835749
neut_0..005.tiny	10024	5886	3	0.34427374301676
mushroom	5687	111	2	0.10176446450554
sample-dataset	4	3	3	0.5
utterance-classification-asr	15599	21684	66	0.510405257393209
statlog-shuttle	43500	9	7	0.172896551724138
utterance-classification-manual	15651	21686	66	0.51195437595964
page-blocks	3831	10	5	0.0554202192448234
postoperative-patient-data	63	19	3	0.185185185185185
thyroid-euthyroid	2214	32	2	0.100105374077977
heart-disease-cleveland	212	15	5	0.428571428571429
pima-indians-diabetes	538	8	2	0.369565217391304
jakefootball	127	0	3	0.581818181818182
musk-2	4619	166	2	0.0747852450732693
breast-cancer	200	36	2	0.267441860465116
thyroid-hypothyroid	2214	32	2	0.0379346680716544
heart-disease-hungarian	206	22	2	0.375
credit-screening	483	44	2	0.328502415458937
iris	105	4	3	0.333333333333333
mnistSmall	700	784	10	0.14
musk-1	333	166	2	0.146853146853147
primary-tumor	237	22	21	0.911764705882353
neut_0..02.tiny	10024	5886	3	0.0225791433891993
glass	150	9	6	0.75
monks-1	124	15	2	0.347222222222222
monks-2	169	15	2	0.328703703703704
monks-3	122	15	2	0.0787037037037037
balance-scale	438	4	3	0.245989304812834
multiclass-sample	4	3	2	0.5
thyroid-allhypo	2800	40	4	0.0637860082304527
chess-krkp	2237	38	2	0.375391032325339
annealing	111	55	2	0.266666666666667
neut_0..01.tiny	10024	5886	3	0.185055865921788
flags	136	48	6	0.586206896551724
simple-dataset	4	3	2	0.5
trains	7	66	2	1.0
statlog-vehicle	94	18	4	0.542553191489362
thyroid-new	151	5	3	0.359375
wine	125	13	3	0.339622641509434
lymphography	104	18	4	0.636363636363636
thyroid-allhyper	2800	40	4	0.0257201646090535
lenses	17	4	3	0.428571428571429
thyroid-dis	2800	40	2	0.0133744855967078
