sonar	146	60	2	0.451612903225806
thyroid-allrep	2800	40	4	0.257201646090535
voting-records	305	16	2	failed
isolet	6238	617	26	0.202052597819115
connect-4	47290	42	3	0.469729116297429
shuttle-landing-control	11	11	2	0.25
molecular-biology-splice	2233	244	3	0.299895506792059
chess-krk	19639	23	18	0.810858975882143
heart-disease-switzerland	86	22	5	0.837837837837838
breast-cancer-wisconsin	489	10	2	0.0904761904761905
lung-cancer	22	58	3	0.2
soybean	307	69	19	0.156914893617021
neut_1..02.tiny	10024	5886	3	0.0772811918063315
ionosphere	246	34	2	0.104761904761905
heart-disease-cleveland	212	15	5	0.549450549450549
thyroid-ann	3772	21	3	0.030046674445741
statlog-segment	1617	19	7	0.204906204906205
hayes-roth	92	4	3	0.35
thyroid-sick	2800	40	2	0.578189300411523
letter-recognition	14000	16	26	0.389666666666667
hepatitis	109	34	2	0.282608695652174
tic-tac-toe	671	9	2	0.289198606271777
molecular-biology-promoters	74	228	2	0.0625
waveform	3500	21	3	0.436
statlog-german	700	59	2	0.343333333333333
thyroid-allbp	2800	40	3	0.667695473251029
vowel-context	693	13	11	0.397306397306397
horse-colic	299	116	3	0.313432835820896
waveform-noise	3500	40	3	0.416666666666667
sample-dataset2	4	3	3	0.5
jakefootball	127	0	3	0.418181818181818
image	210	19	7	0.231428571428571
jake-lungcancer-copy	22	58	3	0.2
breast-cancer-wdbc	398	31	535	1.0
thyroid-0387	6420	40	32	0.791787790697674
heart-disease-va	140	22	5	0.683333333333333
statlog-satimage	4435	36	6	0.296
statlog-australian	483	38	2	0.193236714975845
mushroom	5687	111	2	0.0935576528518671
sample-dataset	4	3	3	0.5
statlog-shuttle	43500	9	7	0.218620689655172
page-blocks	3831	10	5	0.130328867235079
postoperative-patient-data	63	19	3	0.851851851851852
thyroid-euthyroid	2214	32	2	0.513171759747102
pima-indians-diabetes	538	8	2	0.330434782608696
credit-screening	483	44	2	0.188405797101449
musk-2	4619	166	2	0.197574532592218
breast-cancer	200	36	2	0.255813953488372
thyroid-hypothyroid	2214	32	2	0.100105374077977
heart-disease-hungarian	206	22	2	0.170454545454545
statlog-heart	189	13	2	0.185185185185185
iris	105	4	3	0.0666666666666667
musk-1	333	166	2	0.160839160839161
primary-tumor	237	22	21	0.813725490196078
glass	150	9	6	0.421875
monks-1	124	15	2	0.298611111111111
monks-2	169	15	2	0.462962962962963
monks-3	122	15	2	0.0347222222222222
balance-scale	438	4	3	0.219251336898396
multiclass-sample	4	3	2	0.5
thyroid-allhypo	2800	40	4	0.128600823045267
chess-krkp	2237	38	2	0.185610010427529
annealing	111	55	2	0.0666666666666667
breast-cancer-wpbc	136	34	22	0.862068965517241
flags	136	48	6	0.327586206896552
trains	7	66	2	0.333333333333333
statlog-vehicle	94	18	4	0.48936170212766
thyroid-new	151	5	3	0.125
wine	125	13	3	0.0377358490566038
lymphography	104	18	4	0.159090909090909
thyroid-allhyper	2800	40	4	0.103909465020576
lenses	17	4	3	0.142857142857143
thyroid-dis	2800	40	2	0.746913580246914
